"gain" "loss" "deck" "trial" "subjID"
100 0 2 1 222
50 0 3 2 222
50 0 4 3 222
100 0 1 4 222
50 0 3 5 222
100 0 2 6 222
100 0 1 7 222
50 -50 3 8 222
50 0 4 9 222
100 0 2 10 222
100 0 1 11 222
50 -50 3 12 222
100 0 2 13 222
100 0 2 14 222
100 -150 1 15 222
50 0 3 16 222
100 0 2 17 222
50 0 3 18 222
50 -250 4 19 222
100 0 1 20 222
100 -300 1 21 222
100 0 2 22 222
100 0 2 23 222
50 -50 3 24 222
100 0 1 25 222
100 -350 1 26 222
100 -1250 2 27 222
50 0 3 28 222
50 -50 3 29 222
100 0 2 30 222
50 0 4 31 222
100 0 2 32 222
50 -50 3 33 222
100 -1250 2 34 222
100 -250 1 35 222
50 0 4 36 222
50 -50 3 37 222
50 0 4 38 222
100 0 2 39 222
100 0 2 40 222
50 -50 3 41 222
100 0 2 42 222
100 -200 1 43 222
100 0 1 44 222
50 0 3 45 222
100 0 2 46 222
50 0 4 47 222
100 0 2 48 222
100 0 2 49 222
50 0 3 50 222
100 0 1 51 222
50 0 4 52 222
50 0 3 53 222
100 0 2 54 222
100 0 2 55 222
100 0 1 56 222
50 0 3 57 222
100 0 2 58 222
50 0 4 59 222
100 -200 1 60 222
100 0 2 61 222
50 -50 3 62 222
100 0 2 63 222
100 -1250 2 64 222
100 -150 1 65 222
50 0 4 66 222
50 0 4 67 222
50 -50 3 68 222
100 -300 1 69 222
50 -50 3 70 222
50 0 4 71 222
100 0 2 72 222
100 0 2 73 222
100 0 2 74 222
50 0 3 75 222
50 0 4 76 222
100 0 1 77 222
50 -50 3 78 222
50 0 3 79 222
50 0 4 80 222
100 0 2 81 222
100 0 2 82 222
50 -50 3 83 222
100 -250 1 84 222
100 0 2 85 222
100 0 2 86 222
50 -50 3 87 222
50 0 4 88 222
100 0 2 89 222
50 0 3 90 222
50 -250 4 91 222
100 -350 1 92 222
100 0 2 93 222
100 0 2 94 222
50 0 3 95 222
100 0 2 96 222
100 0 1 97 222
50 -50 3 98 222
100 -150 1 99 222
50 0 3 100 222
100 0 2 1 223
50 -50 3 2 223
50 -250 4 3 223
100 0 2 4 223
100 0 2 5 223
100 -1250 2 6 223
100 0 1 7 223
100 -350 1 8 223
100 0 2 9 223
100 0 2 10 223
50 0 3 11 223
100 0 2 12 223
100 0 2 13 223
100 0 2 14 223
100 0 2 15 223
100 0 2 16 223
100 0 2 17 223
100 0 2 18 223
100 -1250 2 19 223
50 0 3 20 223
50 0 4 21 223
100 -250 1 22 223
100 0 2 23 223
100 0 2 24 223
100 0 2 25 223
100 0 2 26 223
100 0 1 27 223
100 -200 1 28 223
50 -50 3 29 223
50 0 4 30 223
50 0 4 31 223
50 0 4 32 223
100 0 2 33 223
50 0 3 34 223
100 0 2 35 223
100 -300 1 36 223
50 0 3 37 223
50 0 4 38 223
50 0 4 39 223
50 0 3 40 223
100 0 2 41 223
100 0 2 42 223
100 0 1 43 223
50 0 4 44 223
50 -50 3 45 223
100 0 2 46 223
100 0 1 47 223
50 0 4 48 223
50 -50 3 49 223
100 0 2 50 223
100 -150 1 51 223
50 -50 3 52 223
100 -1250 2 53 223
50 0 4 54 223
50 0 3 55 223
50 0 3 56 223
100 0 2 57 223
100 0 2 58 223
100 0 1 59 223
100 0 1 60 223
100 0 1 61 223
100 -150 1 62 223
100 0 2 63 223
100 0 2 64 223
100 0 2 65 223
50 0 3 66 223
50 0 4 67 223
100 -350 1 68 223
100 0 2 69 223
100 0 1 70 223
50 -50 3 71 223
50 0 4 72 223
50 0 4 73 223
50 -50 3 74 223
100 0 2 75 223
100 -300 1 76 223
50 0 3 77 223
50 0 4 78 223
50 -50 3 79 223
50 -250 4 80 223
50 0 3 81 223
100 0 2 82 223
100 0 2 83 223
50 0 4 84 223
50 0 4 85 223
50 0 4 86 223
50 0 4 87 223
50 0 4 88 223
50 -50 3 89 223
50 0 4 90 223
50 0 4 91 223
50 0 4 92 223
50 -250 4 93 223
50 -50 3 94 223
100 0 2 95 223
100 0 2 96 223
100 -200 1 97 223
100 -1250 2 98 223
50 -50 3 99 223
50 0 4 100 223
100 0 1 1 224
100 0 2 2 224
50 -50 3 3 224
50 0 4 4 224
100 -350 1 5 224
100 0 2 6 224
100 -1250 2 7 224
50 0 3 8 224
50 0 3 9 224
50 -50 3 10 224
50 -50 3 11 224
50 0 3 12 224
50 0 3 13 224
50 0 3 14 224
50 0 4 15 224
50 0 4 16 224
50 0 4 17 224
50 0 4 18 224
50 -250 4 19 224
50 0 4 20 224
50 -50 3 21 224
50 -50 3 22 224
50 -50 3 23 224
50 -50 3 24 224
50 -50 3 25 224
100 0 2 26 224
100 0 2 27 224
100 0 2 28 224
100 0 2 29 224
100 0 2 30 224
100 0 2 31 224
100 0 2 32 224
100 0 2 33 224
100 0 1 34 224
100 0 1 35 224
100 -250 1 36 224
100 0 2 37 224
100 0 2 38 224
100 0 2 39 224
100 0 2 40 224
100 0 2 41 224
100 0 2 42 224
100 0 2 43 224
100 0 2 44 224
100 -1250 2 45 224
100 -300 1 46 224
100 -150 1 47 224
100 0 1 48 224
100 0 1 49 224
100 -200 1 50 224
100 -350 1 51 224
100 -150 1 52 224
100 0 2 53 224
100 0 2 54 224
100 0 2 55 224
50 -50 3 56 224
50 0 3 57 224
50 -50 3 58 224
50 0 3 59 224
50 0 3 60 224
50 0 3 61 224
50 0 3 62 224
50 -50 3 63 224
50 -50 3 64 224
50 0 3 65 224
50 0 3 66 224
50 -50 3 67 224
50 0 3 68 224
50 0 4 69 224
50 0 4 70 224
50 0 4 71 224
50 -250 4 72 224
50 0 3 73 224
50 -50 3 74 224
50 0 3 75 224
50 -50 3 76 224
50 -50 3 77 224
50 -50 3 78 224
50 0 3 79 224
100 0 2 80 224
100 0 2 81 224
100 0 2 82 224
100 -1250 2 83 224
100 0 2 84 224
100 0 2 85 224
100 0 2 86 224
100 0 2 87 224
100 0 2 88 224
100 0 2 89 224
100 0 2 90 224
100 0 2 91 224
50 0 3 92 224
50 -50 3 93 224
50 0 3 94 224
50 0 3 95 224
50 0 3 96 224
50 -50 3 97 224
50 -50 3 98 224
50 -50 3 99 224
50 -50 3 100 224
100 0 2 1 225
50 0 3 2 225
100 0 2 3 225
50 0 3 4 225
100 0 2 5 225
100 0 2 6 225
100 0 2 7 225
100 0 2 8 225
100 0 2 9 225
100 0 2 10 225
100 0 2 11 225
100 -1250 2 12 225
50 -50 3 13 225
50 0 4 14 225
50 0 4 15 225
50 0 4 16 225
100 -350 1 17 225
100 0 2 18 225
100 0 2 19 225
100 0 2 20 225
100 0 2 21 225
100 0 2 22 225
50 -50 3 23 225
50 -50 3 24 225
50 0 3 25 225
50 0 3 26 225
50 -50 3 27 225
50 -50 3 28 225
50 0 3 29 225
50 0 3 30 225
50 0 3 31 225
50 -50 3 32 225
50 -50 3 33 225
100 0 2 34 225
50 0 3 35 225
50 -50 3 36 225
50 -50 3 37 225
50 0 3 38 225
50 0 3 39 225
50 -50 3 40 225
50 0 3 41 225
50 -50 3 42 225
50 0 3 43 225
50 -50 3 44 225
50 -50 3 45 225
50 -50 3 46 225
50 0 3 47 225
50 0 3 48 225
50 -50 3 49 225
50 0 3 50 225
50 0 3 51 225
50 0 3 52 225
50 -50 3 53 225
100 0 2 54 225
50 -50 3 55 225
50 -50 3 56 225
50 0 3 57 225
50 -50 3 58 225
50 -50 3 59 225
50 0 3 60 225
50 0 3 61 225
50 0 3 62 225
50 0 3 63 225
50 0 3 64 225
50 -50 3 65 225
50 0 3 66 225
50 -50 3 67 225
50 -50 3 68 225
50 -50 3 69 225
50 -50 3 70 225
50 0 3 71 225
50 -50 3 72 225
50 -50 3 73 225
50 -50 3 74 225
50 0 3 75 225
50 0 3 76 225
100 0 2 77 225
50 0 3 78 225
50 -50 3 79 225
50 0 3 80 225
50 -50 3 81 225
50 0 3 82 225
50 0 3 83 225
50 0 3 84 225
50 -50 3 85 225
50 -50 3 86 225
50 0 3 87 225
50 -50 3 88 225
50 -50 3 89 225
50 -50 3 90 225
50 0 3 91 225
50 0 3 92 225
50 0 3 93 225
50 -50 3 94 225
50 -50 3 95 225
50 -50 3 96 225
50 0 3 97 225
50 -50 3 98 225
50 0 3 99 225
50 0 3 100 225
100 0 2 1 226
50 -50 3 2 226
50 0 4 3 226
100 0 1 4 226
100 0 2 5 226
100 -1250 2 6 226
50 -50 3 7 226
100 -350 1 8 226
50 0 4 9 226
100 0 2 10 226
100 -300 1 11 226
50 -50 3 12 226
100 0 2 13 226
100 0 2 14 226
100 0 2 15 226
100 0 2 16 226
100 0 2 17 226
100 0 2 18 226
100 0 2 19 226
100 0 1 20 226
50 0 4 21 226
50 0 3 22 226
100 0 2 23 226
100 0 2 24 226
100 0 2 25 226
100 0 1 26 226
50 0 3 27 226
100 0 2 28 226
50 -250 4 29 226
100 0 2 30 226
100 0 2 31 226
100 0 2 32 226
100 -1250 2 33 226
100 -250 1 34 226
50 -50 3 35 226
100 0 2 36 226
100 0 2 37 226
100 0 2 38 226
100 0 2 39 226
100 0 2 40 226
100 -1250 2 41 226
100 0 2 42 226
50 0 3 43 226
100 0 1 44 226
100 0 2 45 226
100 0 2 46 226
50 0 3 47 226
100 -200 1 48 226
100 0 2 49 226
50 -50 3 50 226
100 0 2 51 226
100 0 2 52 226
50 0 3 53 226
100 -1250 2 54 226
50 0 4 55 226
50 -50 3 56 226
100 0 2 57 226
100 0 2 58 226
100 0 2 59 226
100 0 2 60 226
100 0 1 61 226
100 0 2 62 226
100 -150 1 63 226
100 0 2 64 226
100 0 2 65 226
100 0 2 66 226
100 0 1 67 226
100 0 2 68 226
100 -350 1 69 226
100 0 2 70 226
50 -50 3 71 226
100 0 2 72 226
100 0 2 73 226
100 0 2 74 226
100 0 2 75 226
100 0 2 76 226
100 0 2 77 226
50 -50 3 78 226
100 -150 1 79 226
100 -1250 2 80 226
50 -50 3 81 226
50 0 4 82 226
50 0 3 83 226
50 0 3 84 226
50 0 3 85 226
50 0 4 86 226
100 0 2 87 226
100 0 2 88 226
100 -1250 2 89 226
50 -50 3 90 226
100 0 1 91 226
100 0 2 92 226
100 0 2 93 226
100 0 2 94 226
100 0 2 95 226
100 0 2 96 226
100 0 1 97 226
100 0 2 98 226
50 0 3 99 226
100 0 2 100 226
50 -50 3 1 227
100 0 2 2 227
50 0 4 3 227
100 -300 1 4 227
100 0 2 5 227
100 0 2 6 227
100 0 2 7 227
100 0 2 8 227
100 0 2 9 227
100 0 2 10 227
100 0 2 11 227
100 0 2 12 227
50 0 4 13 227
100 -1250 2 14 227
50 -50 3 15 227
100 0 1 16 227
100 0 1 17 227
100 -350 1 18 227
50 0 4 19 227
50 0 4 20 227
50 -250 4 21 227
50 0 3 22 227
50 -50 3 23 227
50 0 3 24 227
50 0 3 25 227
50 0 3 26 227
50 -50 3 27 227
50 -50 3 28 227
50 0 3 29 227
50 0 3 30 227
50 0 4 31 227
50 0 4 32 227
100 0 2 33 227
100 0 2 34 227
100 0 2 35 227
100 0 2 36 227
50 0 3 37 227
50 0 4 38 227
100 -1250 2 39 227
50 -50 3 40 227
50 0 4 41 227
50 0 4 42 227
50 0 4 43 227
100 -200 1 44 227
100 0 2 45 227
100 0 2 46 227
100 0 2 47 227
100 0 2 48 227
100 0 2 49 227
100 0 2 50 227
100 0 2 51 227
100 0 2 52 227
100 -1250 2 53 227
50 -50 3 54 227
50 0 4 55 227
50 -250 4 56 227
100 0 1 57 227
100 0 1 58 227
100 -150 1 59 227
100 0 1 60 227
100 -250 1 61 227
100 0 1 62 227
100 0 2 63 227
100 0 2 64 227
100 0 2 65 227
100 0 2 66 227
100 0 2 67 227
100 0 2 68 227
100 -1250 2 69 227
50 -50 3 70 227
50 -50 3 71 227
50 0 3 72 227
100 0 1 73 227
100 -300 1 74 227
50 0 4 75 227
50 0 4 76 227
50 0 4 77 227
50 0 4 78 227
100 0 2 79 227
100 0 2 80 227
100 0 2 81 227
100 0 2 82 227
50 0 4 83 227
100 0 2 84 227
50 0 4 85 227
50 0 4 86 227
100 0 2 87 227
100 0 2 88 227
100 0 2 89 227
50 0 4 90 227
50 0 4 91 227
50 0 4 92 227
100 0 2 93 227
100 0 2 94 227
100 0 2 95 227
100 -1250 2 96 227
50 -250 4 97 227
100 0 2 98 227
100 0 2 99 227
100 0 2 100 227
50 0 3 1 228
100 0 1 2 228
50 -50 3 3 228
50 -50 3 4 228
100 -250 1 5 228
100 -150 1 6 228
100 -1250 2 7 228
100 0 2 8 228
50 0 4 9 228
50 -50 3 10 228
50 0 3 11 228
100 0 2 12 228
100 -300 1 13 228
50 -50 3 14 228
50 0 3 15 228
50 -50 3 16 228
50 0 4 17 228
50 0 3 18 228
50 0 4 19 228
50 0 3 20 228
50 0 3 21 228
50 0 3 22 228
50 -50 3 23 228
50 0 3 24 228
50 0 4 25 228
50 -50 3 26 228
50 0 4 27 228
50 0 4 28 228
50 0 4 29 228
50 0 4 30 228
50 0 4 31 228
50 -50 3 32 228
50 0 3 33 228
50 -250 4 34 228
50 0 3 35 228
50 -50 3 36 228
100 -350 1 37 228
100 0 2 38 228
100 0 2 39 228
50 -50 3 40 228
100 0 2 41 228
100 0 2 42 228
100 0 2 43 228
100 0 2 44 228
100 0 2 45 228
100 0 2 46 228
100 0 2 47 228
100 0 2 48 228
100 0 2 49 228
100 0 2 50 228
100 0 2 51 228
100 -1250 2 52 228
100 0 2 53 228
100 0 2 54 228
100 0 2 55 228
100 0 2 56 228
100 0 2 57 228
50 0 3 58 228
100 0 2 59 228
100 0 2 60 228
50 0 3 61 228
50 -50 3 62 228
50 0 4 63 228
100 0 2 64 228
50 -50 3 65 228
50 -50 3 66 228
50 0 4 67 228
100 0 2 68 228
50 0 4 69 228
50 -50 3 70 228
100 -1250 2 71 228
100 0 2 72 228
100 0 2 73 228
100 0 2 74 228
100 0 2 75 228
100 0 2 76 228
100 0 2 77 228
100 -1250 2 78 228
100 0 2 79 228
100 0 2 80 228
50 -50 3 81 228
100 0 2 82 228
50 0 3 83 228
100 0 2 84 228
100 0 2 85 228
50 0 3 86 228
100 0 2 87 228
100 -1250 2 88 228
100 0 2 89 228
100 0 2 90 228
100 0 2 91 228
100 0 2 92 228
100 0 2 93 228
50 0 3 94 228
50 0 4 95 228
100 0 2 96 228
50 0 4 97 228
50 0 3 98 228
50 0 4 99 228
50 -50 3 100 228
100 -200 1 1 229
100 0 2 2 229
50 -50 3 3 229
50 0 4 4 229
100 0 2 5 229
100 -1250 2 6 229
100 -300 1 7 229
50 0 3 8 229
50 0 3 9 229
50 -50 3 10 229
50 0 4 11 229
50 0 4 12 229
50 0 4 13 229
50 0 4 14 229
50 0 4 15 229
50 0 4 16 229
50 0 4 17 229
50 0 4 18 229
50 -250 4 19 229
100 0 2 20 229
100 0 2 21 229
50 0 4 22 229
50 -250 4 23 229
100 0 2 24 229
100 0 2 25 229
100 0 2 26 229
100 0 2 27 229
100 0 2 28 229
100 0 2 29 229
100 0 2 30 229
100 0 2 31 229
100 0 2 32 229
100 0 2 33 229
100 0 2 34 229
100 -1250 2 35 229
100 -350 1 36 229
50 0 3 37 229
50 0 4 38 229
100 0 2 39 229
100 0 2 40 229
100 0 2 41 229
100 0 2 42 229
100 0 2 43 229
100 0 2 44 229
100 0 2 45 229
100 0 2 46 229
100 0 2 47 229
50 0 4 48 229
50 0 4 49 229
50 0 4 50 229
50 0 4 51 229
50 0 4 52 229
50 0 4 53 229
50 0 4 54 229
50 0 4 55 229
50 0 4 56 229
50 0 4 57 229
50 0 4 58 229
50 0 4 59 229
50 0 4 60 229
50 0 4 61 229
50 -250 4 62 229
100 0 2 63 229
100 0 2 64 229
100 -1250 2 65 229
100 0 2 66 229
100 0 2 67 229
100 -1250 2 68 229
100 0 2 69 229
100 0 2 70 229
100 0 2 71 229
100 0 2 72 229
100 0 2 73 229
50 0 4 74 229
50 0 4 75 229
50 0 4 76 229
50 0 4 77 229
50 0 4 78 229
50 0 4 79 229
50 -250 4 80 229
100 0 2 81 229
100 0 2 82 229
50 0 4 83 229
50 0 4 84 229
50 0 4 85 229
50 0 4 86 229
50 0 4 87 229
50 0 4 88 229
50 0 4 89 229
50 0 4 90 229
50 0 4 91 229
50 0 4 92 229
50 -250 4 93 229
100 0 2 94 229
100 0 2 95 229
50 0 4 96 229
50 0 4 97 229
50 0 4 98 229
50 0 4 99 229
50 0 4 100 229
100 -250 1 1 230
100 0 2 2 230
100 0 2 3 230
100 0 2 4 230
100 0 2 5 230
100 -1250 2 6 230
50 0 3 7 230
50 -50 3 8 230
50 -50 3 9 230
50 0 3 10 230
50 -50 3 11 230
50 0 4 12 230
50 0 4 13 230
50 0 4 14 230
50 -250 4 15 230
50 0 4 16 230
50 0 4 17 230
50 0 4 18 230
50 0 4 19 230
50 0 4 20 230
50 0 4 21 230
50 0 4 22 230
50 0 4 23 230
50 0 4 24 230
50 0 4 25 230
50 0 4 26 230
50 0 4 27 230
50 0 4 28 230
50 0 3 29 230
50 -50 3 30 230
50 0 3 31 230
50 0 3 32 230
50 -50 3 33 230
50 -250 4 34 230
50 -50 3 35 230
50 0 3 36 230
50 0 3 37 230
50 0 3 38 230
50 0 3 39 230
50 -50 3 40 230
50 0 3 41 230
50 -50 3 42 230
50 -50 3 43 230
50 -50 3 44 230
50 0 3 45 230
50 0 3 46 230
50 0 3 47 230
50 -50 3 48 230
50 -50 3 49 230
50 -50 3 50 230
50 0 3 51 230
50 0 3 52 230
50 -50 3 53 230
50 -50 3 54 230
50 0 4 55 230
50 0 4 56 230
50 0 4 57 230
50 -50 3 58 230
50 -50 3 59 230
50 0 3 60 230
50 -50 3 61 230
50 -50 3 62 230
50 0 3 63 230
50 0 3 64 230
50 0 3 65 230
50 -50 3 66 230
50 0 3 67 230
50 -50 3 68 230
50 -50 3 69 230
50 0 3 70 230
50 -50 3 71 230
50 0 3 72 230
50 0 3 73 230
50 -50 3 74 230
50 -50 3 75 230
50 0 3 76 230
50 0 3 77 230
50 -50 3 78 230
50 0 3 79 230
50 -50 3 80 230
50 0 3 81 230
50 -50 3 82 230
50 0 3 83 230
50 -50 3 84 230
50 -50 3 85 230
50 0 3 86 230
50 0 3 87 230
50 0 3 88 230
50 0 3 89 230
50 -50 3 90 230
50 0 3 91 230
50 0 3 92 230
50 -50 3 93 230
50 -50 3 94 230
50 -50 3 95 230
50 0 3 96 230
50 -50 3 97 230
50 0 3 98 230
50 0 3 99 230
50 0 3 100 230
100 -150 1 1 231
100 -350 1 2 231
100 0 1 3 231
100 -300 1 4 231
100 -250 1 5 231
100 0 2 6 231
100 0 2 7 231
100 0 2 8 231
100 0 2 9 231
100 0 2 10 231
50 -50 3 11 231
50 0 3 12 231
50 -50 3 13 231
50 -50 3 14 231
50 -50 3 15 231
50 0 4 16 231
50 0 4 17 231
50 0 4 18 231
50 0 4 19 231
50 0 4 20 231
100 0 2 21 231
100 -1250 2 22 231
100 0 2 23 231
100 0 2 24 231
100 0 2 25 231
50 0 4 26 231
50 0 4 27 231
50 0 4 28 231
50 0 4 29 231
50 -250 4 30 231
50 -250 4 31 231
50 0 4 32 231
50 0 4 33 231
50 0 4 34 231
50 0 4 35 231
50 0 4 36 231
50 0 4 37 231
50 0 4 38 231
50 0 4 39 231
50 0 4 40 231
100 0 2 41 231
100 0 2 42 231
50 0 4 43 231
50 0 4 44 231
50 0 4 45 231
50 0 4 46 231
50 0 4 47 231
50 0 4 48 231
50 0 4 49 231
50 -250 4 50 231
50 0 4 51 231
50 0 4 52 231
50 0 4 53 231
50 0 4 54 231
50 0 4 55 231
50 0 4 56 231
50 -250 4 57 231
100 0 2 58 231
100 0 2 59 231
50 0 4 60 231
50 0 4 61 231
50 0 4 62 231
100 0 2 63 231
50 0 4 64 231
50 0 4 65 231
50 0 4 66 231
50 0 4 67 231
100 0 2 68 231
50 0 4 69 231
50 0 4 70 231
50 0 4 71 231
50 0 4 72 231
50 0 4 73 231
100 0 2 74 231
50 0 4 75 231
50 0 4 76 231
50 -250 4 77 231
100 0 2 78 231
100 0 2 79 231
50 -250 4 80 231
50 0 4 81 231
50 0 4 82 231
50 0 4 83 231
50 0 4 84 231
50 0 4 85 231
50 0 4 86 231
50 0 4 87 231
50 0 4 88 231
50 0 4 89 231
50 0 4 90 231
100 -1250 2 91 231
100 -1250 2 92 231
50 0 4 93 231
50 0 4 94 231
50 0 4 95 231
50 0 4 96 231
50 0 4 97 231
50 0 4 98 231
50 0 4 99 231
50 -250 4 100 231
100 -250 1 1 232
100 0 1 2 232
100 -1250 2 3 232
50 -50 3 4 232
50 0 3 5 232
50 0 3 6 232
50 -50 3 7 232
50 0 4 8 232
50 0 4 9 232
50 0 4 10 232
50 0 4 11 232
50 0 4 12 232
100 -200 1 13 232
50 0 4 14 232
50 0 4 15 232
50 0 4 16 232
50 -250 4 17 232
50 -50 3 18 232
100 0 2 19 232
100 0 2 20 232
100 0 2 21 232
100 0 2 22 232
100 0 2 23 232
50 0 4 24 232
100 0 2 25 232
100 0 2 26 232
100 0 2 27 232
100 0 2 28 232
100 0 2 29 232
100 0 2 30 232
100 0 2 31 232
100 0 2 32 232
100 0 2 33 232
100 0 2 34 232
100 0 2 35 232
100 0 2 36 232
100 0 2 37 232
100 -1250 2 38 232
100 0 2 39 232
100 0 2 40 232
100 0 2 41 232
100 0 2 42 232
100 0 2 43 232
100 0 2 44 232
100 0 2 45 232
100 0 2 46 232
100 0 2 47 232
100 -1250 2 48 232
100 0 1 49 232
100 -300 1 50 232
50 0 3 51 232
100 -1250 2 52 232
100 0 1 53 232
100 -350 1 54 232
50 0 4 55 232
50 0 4 56 232
50 0 4 57 232
50 0 4 58 232
50 0 4 59 232
50 0 4 60 232
100 0 2 61 232
100 0 2 62 232
100 0 2 63 232
100 0 2 64 232
100 0 2 65 232
100 0 2 66 232
100 0 2 67 232
100 0 2 68 232
100 0 2 69 232
100 0 2 70 232
100 0 2 71 232
100 0 2 72 232
100 0 2 73 232
100 0 2 74 232
100 0 2 75 232
50 -250 4 76 232
100 0 2 77 232
100 0 2 78 232
100 0 2 79 232
100 -1250 2 80 232
100 0 2 81 232
100 0 2 82 232
100 0 2 83 232
100 0 2 84 232
100 0 2 85 232
100 0 2 86 232
100 0 2 87 232
100 0 2 88 232
100 0 2 89 232
100 -1250 2 90 232
100 0 2 91 232
100 0 2 92 232
100 -1250 2 93 232
100 0 2 94 232
100 0 2 95 232
100 0 2 96 232
100 0 2 97 232
100 0 2 98 232
100 0 2 99 232
100 0 2 100 232
100 -1250 2 1 233
100 0 2 2 233
50 0 3 3 233
50 0 3 4 233
100 0 1 5 233
100 0 1 6 233
50 0 4 7 233
50 0 4 8 233
50 0 4 9 233
100 0 2 10 233
100 0 2 11 233
50 0 3 12 233
50 -50 3 13 233
100 -250 1 14 233
100 0 1 15 233
50 0 4 16 233
50 0 4 17 233
100 -150 1 18 233
100 0 1 19 233
100 -350 1 20 233
100 0 2 21 233
100 0 2 22 233
100 0 2 23 233
100 0 2 24 233
50 -50 3 25 233
50 -50 3 26 233
50 -50 3 27 233
50 -50 3 28 233
100 -300 1 29 233
100 -200 1 30 233
100 0 1 31 233
100 -350 1 32 233
100 -150 1 33 233
100 0 1 34 233
100 -250 1 35 233
100 0 1 36 233
100 -300 1 37 233
100 0 1 38 233
100 0 1 39 233
100 0 1 40 233
100 0 2 41 233
100 0 2 42 233
100 0 2 43 233
100 0 2 44 233
100 0 2 45 233
100 0 2 46 233
100 0 2 47 233
100 0 2 48 233
100 -1250 2 49 233
100 0 2 50 233
100 0 2 51 233
50 0 3 52 233
50 0 3 53 233
50 0 3 54 233
50 -50 3 55 233
50 0 3 56 233
50 0 3 57 233
50 -50 3 58 233
50 0 4 59 233
50 -250 4 60 233
50 0 4 61 233
50 0 4 62 233
50 0 4 63 233
50 0 4 64 233
50 0 4 65 233
50 0 4 66 233
50 0 4 67 233
50 0 4 68 233
50 0 4 69 233
50 0 4 70 233
50 0 4 71 233
50 0 4 72 233
50 -250 4 73 233
50 0 4 74 233
50 0 4 75 233
50 0 4 76 233
50 0 4 77 233
50 0 4 78 233
50 0 4 79 233
50 0 4 80 233
50 0 4 81 233
50 0 4 82 233
50 -250 4 83 233
50 0 3 84 233
50 -50 3 85 233
50 -50 3 86 233
50 0 3 87 233
50 -50 3 88 233
50 0 3 89 233
50 -50 3 90 233
50 -50 3 91 233
50 -50 3 92 233
50 0 3 93 233
50 0 3 94 233
50 0 3 95 233
50 -50 3 96 233
50 -50 3 97 233
50 0 3 98 233
50 -50 3 99 233
50 0 3 100 233
100 0 2 1 234
50 0 3 2 234
100 0 2 3 234
50 0 3 4 234
100 0 2 5 234
100 -250 1 6 234
100 0 2 7 234
50 -250 4 8 234
100 -1250 2 9 234
50 0 3 10 234
50 0 3 11 234
50 -50 3 12 234
100 0 1 13 234
100 -150 1 14 234
100 0 2 15 234
100 0 2 16 234
100 0 2 17 234
50 0 4 18 234
100 0 2 19 234
100 0 2 20 234
100 0 2 21 234
100 0 2 22 234
100 0 2 23 234
100 0 2 24 234
100 -1250 2 25 234
50 -50 3 26 234
100 -200 1 27 234
50 0 4 28 234
50 0 4 29 234
50 0 4 30 234
50 0 4 31 234
50 0 4 32 234
100 0 2 33 234
100 0 2 34 234
100 0 2 35 234
100 0 2 36 234
100 0 2 37 234
50 0 4 38 234
50 0 4 39 234
50 0 4 40 234
50 0 4 41 234
50 0 4 42 234
50 -250 4 43 234
50 0 3 44 234
50 -50 3 45 234
100 0 2 46 234
100 0 2 47 234
100 0 2 48 234
100 0 2 49 234
100 0 1 50 234
100 0 1 51 234
100 0 1 52 234
100 0 1 53 234
100 -300 1 54 234
50 -50 3 55 234
100 0 2 56 234
100 0 2 57 234
100 -1250 2 58 234
50 0 4 59 234
50 0 4 60 234
50 0 4 61 234
50 0 4 62 234
50 0 4 63 234
50 0 4 64 234
50 0 4 65 234
50 0 4 66 234
50 0 4 67 234
50 0 4 68 234
50 0 4 69 234
50 0 4 70 234
50 0 4 71 234
50 0 4 72 234
50 -250 4 73 234
50 0 4 74 234
50 0 4 75 234
50 -250 4 76 234
50 -50 3 77 234
50 0 3 78 234
50 -50 3 79 234
50 -50 3 80 234
100 0 2 81 234
100 0 2 82 234
100 0 2 83 234
100 0 2 84 234
100 0 2 85 234
50 0 4 86 234
50 0 4 87 234
50 0 4 88 234
50 0 4 89 234
50 0 4 90 234
50 0 4 91 234
50 0 4 92 234
50 0 4 93 234
50 0 4 94 234
50 0 4 95 234
50 0 4 96 234
50 0 4 97 234
50 0 4 98 234
50 0 4 99 234
50 0 4 100 234
100 0 2 1 235
100 0 2 2 235
100 -1250 2 3 235
100 -150 1 4 235
50 -50 3 5 235
50 0 4 6 235
50 0 4 7 235
50 0 4 8 235
50 -50 3 9 235
100 0 2 10 235
100 0 1 11 235
100 0 2 12 235
100 0 1 13 235
100 0 1 14 235
100 0 2 15 235
100 -250 1 16 235
100 -350 1 17 235
100 0 2 18 235
50 0 4 19 235
100 -200 1 20 235
100 -300 1 21 235
50 0 4 22 235
50 -250 4 23 235
100 0 2 24 235
100 0 2 25 235
100 0 2 26 235
100 0 2 27 235
100 0 2 28 235
100 0 2 29 235
50 0 3 30 235
50 0 3 31 235
50 -50 3 32 235
100 0 2 33 235
100 0 2 34 235
100 0 2 35 235
100 0 2 36 235
100 -1250 2 37 235
100 0 2 38 235
100 0 2 39 235
100 0 2 40 235
100 0 2 41 235
100 0 2 42 235
100 0 2 43 235
100 0 2 44 235
100 0 2 45 235
100 0 2 46 235
100 0 2 47 235
100 0 2 48 235
100 -1250 2 49 235
100 0 2 50 235
100 -1250 2 51 235
100 0 1 52 235
100 0 1 53 235
100 0 1 54 235
100 -350 1 55 235
50 0 4 56 235
50 0 4 57 235
50 0 4 58 235
50 0 4 59 235
50 0 4 60 235
50 0 4 61 235
50 -50 3 62 235
50 -50 3 63 235
50 0 3 64 235
50 0 3 65 235
50 0 3 66 235
50 0 3 67 235
50 -50 3 68 235
50 0 3 69 235
50 -50 3 70 235
50 -50 3 71 235
50 0 4 72 235
50 0 3 73 235
50 -50 3 74 235
50 0 4 75 235
50 -250 4 76 235
50 0 3 77 235
50 -50 3 78 235
50 0 3 79 235
50 0 3 80 235
50 -50 3 81 235
50 -50 3 82 235
50 -50 3 83 235
50 -50 3 84 235
50 0 4 85 235
50 0 4 86 235
50 0 4 87 235
100 0 2 88 235
100 0 2 89 235
100 0 2 90 235
100 0 2 91 235
100 0 1 92 235
100 0 1 93 235
100 0 1 94 235
100 -200 1 95 235
100 0 2 96 235
100 0 2 97 235
100 0 2 98 235
50 0 4 99 235
50 0 4 100 235
100 0 1 1 236
100 0 2 2 236
50 -50 3 3 236
50 0 4 4 236
100 -300 1 5 236
100 0 2 6 236
100 0 2 7 236
50 0 4 8 236
100 0 2 9 236
100 0 2 10 236
100 0 2 11 236
100 -1250 2 12 236
100 0 1 13 236
100 -150 1 14 236
50 0 3 15 236
100 0 2 16 236
100 0 2 17 236
50 0 4 18 236
100 0 2 19 236
50 0 4 20 236
100 0 2 21 236
50 0 3 22 236
100 0 1 23 236
100 0 2 24 236
100 0 1 25 236
100 0 2 26 236
100 0 2 27 236
100 -200 1 28 236
100 0 2 29 236
50 -250 4 30 236
100 -1250 2 31 236
100 0 2 32 236
100 0 2 33 236
100 0 2 34 236
100 0 2 35 236
100 -350 1 36 236
100 -1250 2 37 236
100 0 2 38 236
100 0 2 39 236
100 0 2 40 236
100 0 2 41 236
50 0 4 42 236
50 0 4 43 236
50 0 4 44 236
50 0 4 45 236
50 0 4 46 236
50 -250 4 47 236
50 0 4 48 236
50 0 3 49 236
100 0 2 50 236
100 0 2 51 236
50 0 4 52 236
100 0 2 53 236
50 0 4 54 236
100 0 2 55 236
50 0 4 56 236
100 0 2 57 236
50 -50 3 58 236
100 0 1 59 236
100 0 2 60 236
50 0 4 61 236
100 -250 1 62 236
100 0 2 63 236
100 0 2 64 236
50 0 4 65 236
50 0 3 66 236
50 -50 3 67 236
50 -50 3 68 236
50 -50 3 69 236
50 0 4 70 236
100 0 1 71 236
50 0 4 72 236
100 0 1 73 236
50 0 4 74 236
50 0 4 75 236
100 -1250 2 76 236
50 0 4 77 236
100 0 2 78 236
100 0 2 79 236
100 0 2 80 236
100 0 2 81 236
50 0 4 82 236
100 -250 1 83 236
100 -150 1 84 236
50 0 3 85 236
100 0 2 86 236
50 0 4 87 236
50 0 3 88 236
100 0 2 89 236
100 0 2 90 236
50 0 4 91 236
50 0 4 92 236
50 0 4 93 236
50 0 4 94 236
50 -250 4 95 236
50 0 4 96 236
50 -250 4 97 236
50 0 4 98 236
100 0 2 99 236
50 -50 3 100 236
100 0 2 1 237
50 0 4 2 237
100 -200 1 3 237
50 0 3 4 237
100 0 2 5 237
100 0 2 6 237
100 0 2 7 237
100 0 2 8 237
100 0 2 9 237
100 0 2 10 237
50 0 4 11 237
100 0 2 12 237
100 0 2 13 237
100 -1250 2 14 237
100 -300 1 15 237
50 -50 3 16 237
50 0 4 17 237
100 0 2 18 237
100 0 2 19 237
100 0 2 20 237
100 0 2 21 237
50 0 4 22 237
100 0 2 23 237
100 0 2 24 237
100 0 2 25 237
50 0 4 26 237
50 -250 4 27 237
100 0 2 28 237
100 0 2 29 237
100 -1250 2 30 237
100 0 2 31 237
100 0 2 32 237
100 0 2 33 237
100 0 2 34 237
100 0 2 35 237
100 0 2 36 237
100 -1250 2 37 237
100 0 2 38 237
100 0 2 39 237
100 0 2 40 237
100 0 2 41 237
100 0 2 42 237
50 0 4 43 237
50 0 4 44 237
50 0 4 45 237
50 0 4 46 237
50 0 4 47 237
50 0 4 48 237
50 0 3 49 237
50 0 3 50 237
50 -50 3 51 237
50 0 3 52 237
50 -50 3 53 237
50 0 3 54 237
50 -50 3 55 237
50 -50 3 56 237
50 -50 3 57 237
50 0 3 58 237
50 0 3 59 237
50 0 3 60 237
50 0 3 61 237
50 -50 3 62 237
50 -50 3 63 237
50 -50 3 64 237
50 -50 3 65 237
50 0 3 66 237
50 0 3 67 237
50 -50 3 68 237
50 0 3 69 237
50 -50 3 70 237
50 -50 3 71 237
50 -50 3 72 237
50 0 3 73 237
50 0 3 74 237
50 -50 3 75 237
50 0 3 76 237
50 0 3 77 237
50 -50 3 78 237
50 0 3 79 237
50 -50 3 80 237
50 -50 3 81 237
50 0 3 82 237
50 -50 3 83 237
50 -50 3 84 237
50 0 3 85 237
50 0 3 86 237
50 0 3 87 237
50 0 4 88 237
50 0 4 89 237
50 0 4 90 237
50 -50 3 91 237
50 0 4 92 237
50 0 3 93 237
50 0 3 94 237
50 -50 3 95 237
50 0 3 96 237
50 -50 3 97 237
50 -50 3 98 237
50 -50 3 99 237
50 0 3 100 237
100 0 1 1 238
100 0 2 2 238
100 0 2 3 238
50 -50 3 4 238
50 0 4 5 238
100 0 1 6 238
100 0 2 7 238
50 0 4 8 238
100 -150 1 9 238
100 0 2 10 238
50 0 4 11 238
100 0 2 12 238
50 0 4 13 238
100 0 2 14 238
100 -1250 2 15 238
100 -200 1 16 238
50 0 4 17 238
50 -250 4 18 238
50 0 3 19 238
100 0 2 20 238
100 0 2 21 238
50 0 4 22 238
50 -50 3 23 238
100 0 2 24 238
100 0 2 25 238
50 0 4 26 238
100 -1250 2 27 238
50 0 4 28 238
50 -50 3 29 238
100 -300 1 30 238
100 0 2 31 238
100 0 2 32 238
50 0 4 33 238
100 0 2 34 238
100 0 2 35 238
50 0 4 36 238
100 0 2 37 238
50 0 4 38 238
100 0 2 39 238
50 -250 4 40 238
100 0 2 41 238
50 0 4 42 238
100 0 2 43 238
50 0 4 44 238
50 0 3 45 238
100 -1250 2 46 238
50 0 3 47 238
50 -50 3 48 238
50 0 4 49 238
50 -50 3 50 238
100 0 2 51 238
100 0 2 52 238
100 0 2 53 238
50 0 4 54 238
100 0 1 55 238
100 0 2 56 238
50 0 4 57 238
100 0 2 58 238
50 0 4 59 238
100 0 2 60 238
100 0 2 61 238
50 0 4 62 238
50 0 4 63 238
100 0 2 64 238
100 0 2 65 238
50 0 4 66 238
50 0 4 67 238
100 0 2 68 238
50 -250 4 69 238
50 0 3 70 238
50 0 3 71 238
100 0 1 72 238
100 0 2 73 238
50 0 4 74 238
100 0 2 75 238
50 0 4 76 238
100 0 2 77 238
50 0 3 78 238
100 0 2 79 238
50 0 4 80 238
50 0 3 81 238
100 0 2 82 238
100 0 2 83 238
50 0 3 84 238
50 0 4 85 238
50 0 4 86 238
100 -1250 2 87 238
50 0 3 88 238
50 0 4 89 238
100 0 2 90 238
100 0 2 91 238
50 -50 3 92 238
50 0 4 93 238
50 0 4 94 238
100 0 2 95 238
100 0 2 96 238
50 -50 3 97 238
50 0 4 98 238
50 0 4 99 238
100 0 2 100 238
50 0 3 1 239
50 0 4 2 239
100 -150 1 3 239
100 0 2 4 239
100 0 2 5 239
100 0 2 6 239
100 0 2 7 239
50 -50 3 8 239
100 0 2 9 239
100 0 2 10 239
100 0 2 11 239
50 0 4 12 239
100 0 2 13 239
100 -1250 2 14 239
100 0 2 15 239
100 0 2 16 239
100 -200 1 17 239
100 0 1 18 239
100 0 1 19 239
100 0 1 20 239
50 -50 3 21 239
50 -50 3 22 239
100 0 2 23 239
100 -300 1 24 239
100 0 2 25 239
100 0 2 26 239
50 0 4 27 239
100 0 1 28 239
100 0 1 29 239
100 -250 1 30 239
100 -350 1 31 239
50 0 3 32 239
50 0 3 33 239
100 0 2 34 239
50 0 4 35 239
100 -350 1 36 239
100 0 2 37 239
100 0 2 38 239
50 -50 3 39 239
50 0 4 40 239
50 0 4 41 239
50 0 4 42 239
50 0 4 43 239
50 -250 4 44 239
100 0 2 45 239
100 0 1 46 239
100 -300 1 47 239
100 0 1 48 239
50 -50 3 49 239
100 0 2 50 239
100 0 1 51 239
100 -1250 2 52 239
100 -150 1 53 239
100 -200 1 54 239
100 0 2 55 239
100 0 2 56 239
100 0 2 57 239
100 0 2 58 239
100 0 2 59 239
100 0 2 60 239
100 0 2 61 239
50 0 4 62 239
50 0 4 63 239
50 0 4 64 239
50 0 4 65 239
100 0 1 66 239
100 0 1 67 239
100 -250 1 68 239
100 -1250 2 69 239
100 0 2 70 239
100 0 2 71 239
100 0 2 72 239
100 -1250 2 73 239
100 0 2 74 239
100 0 2 75 239
100 0 2 76 239
50 0 3 77 239
50 0 4 78 239
50 0 3 79 239
50 -50 3 80 239
50 0 4 81 239
50 0 4 82 239
50 0 4 83 239
50 0 4 84 239
100 -200 1 85 239
100 0 2 86 239
50 -250 4 87 239
50 0 4 88 239
100 0 2 89 239
50 0 4 90 239
50 0 4 91 239
50 0 4 92 239
100 0 2 93 239
100 -350 1 94 239
100 0 2 95 239
50 0 4 96 239
50 -50 3 97 239
50 0 4 98 239
50 -250 4 99 239
100 0 2 100 239
100 -250 1 1 240
100 -1250 2 2 240
50 -50 3 3 240
50 0 4 4 240
100 -200 1 5 240
100 0 2 6 240
50 0 3 7 240
50 0 4 8 240
50 0 4 9 240
50 0 4 10 240
50 0 4 11 240
50 -50 3 12 240
50 0 4 13 240
50 -250 4 14 240
50 0 4 15 240
50 0 4 16 240
50 0 4 17 240
50 -50 3 18 240
100 0 2 19 240
100 0 2 20 240
100 0 2 21 240
100 0 2 22 240
100 0 1 23 240
100 0 1 24 240
100 -350 1 25 240
50 0 4 26 240
50 0 4 27 240
50 -250 4 28 240
50 0 4 29 240
100 0 2 30 240
100 0 2 31 240
100 0 2 32 240
100 0 2 33 240
100 -150 1 34 240
100 0 2 35 240
100 -1250 2 36 240
100 0 2 37 240
100 0 2 38 240
100 0 2 39 240
100 0 2 40 240
100 0 2 41 240
100 0 2 42 240
100 0 2 43 240
100 0 2 44 240
50 0 3 45 240
50 0 4 46 240
50 0 4 47 240
50 0 4 48 240
50 0 3 49 240
50 0 4 50 240
50 0 4 51 240
50 0 3 52 240
50 0 4 53 240
50 0 4 54 240
50 0 4 55 240
50 0 4 56 240
50 0 4 57 240
50 -250 4 58 240
50 0 4 59 240
50 0 4 60 240
50 0 4 61 240
50 0 4 62 240
50 0 4 63 240
50 -50 3 64 240
50 0 4 65 240
50 0 4 66 240
50 0 4 67 240
50 0 4 68 240
50 0 4 69 240
50 0 4 70 240
50 0 4 71 240
50 -250 4 72 240
50 0 4 73 240
50 0 4 74 240
50 -250 4 75 240
50 0 4 76 240
50 0 4 77 240
50 0 4 78 240
50 0 4 79 240
50 0 4 80 240
50 0 4 81 240
50 0 4 82 240
50 0 4 83 240
50 0 4 84 240
50 0 4 85 240
50 0 4 86 240
50 0 4 87 240
50 0 4 88 240
50 0 4 89 240
50 0 4 90 240
50 0 4 91 240
50 0 4 92 240
50 -250 4 93 240
50 0 4 94 240
50 0 4 95 240
50 0 4 96 240
50 0 4 97 240
50 0 4 98 240
50 0 4 99 240
50 0 4 100 240
100 -350 1 1 241
100 -300 1 2 241
100 0 2 3 241
50 -50 3 4 241
50 0 4 5 241
100 0 2 6 241
50 0 4 7 241
100 0 2 8 241
100 0 2 9 241
100 0 2 10 241
100 0 2 11 241
100 0 2 12 241
100 -1250 2 13 241
50 0 4 14 241
50 0 4 15 241
50 0 4 16 241
50 0 4 17 241
100 0 2 18 241
100 0 2 19 241
100 -1250 2 20 241
50 0 4 21 241
50 -250 4 22 241
50 0 3 23 241
50 0 3 24 241
50 0 3 25 241
100 0 1 26 241
100 0 1 27 241
100 0 2 28 241
100 0 2 29 241
50 0 4 30 241
50 0 4 31 241
50 -50 3 32 241
50 -50 3 33 241
100 0 1 34 241
100 -250 1 35 241
100 0 2 36 241
100 0 2 37 241
100 0 2 38 241
50 0 4 39 241
50 0 4 40 241
50 0 3 41 241
50 -50 3 42 241
100 0 2 43 241
100 0 2 44 241
100 -200 1 45 241
100 0 1 46 241
100 -150 1 47 241
100 0 2 48 241
100 0 2 49 241
50 0 4 50 241
50 0 4 51 241
50 0 4 52 241
100 0 2 53 241
100 0 2 54 241
100 0 1 55 241
100 0 2 56 241
100 0 2 57 241
50 0 4 58 241
50 -250 4 59 241
100 -1250 2 60 241
100 0 2 61 241
100 0 2 62 241
100 0 2 63 241
100 0 2 64 241
100 0 2 65 241
100 0 2 66 241
50 0 4 67 241
50 0 4 68 241
50 0 4 69 241
50 0 4 70 241
100 0 1 71 241
100 0 1 72 241
100 0 2 73 241
100 0 2 74 241
50 0 4 75 241
50 0 4 76 241
50 0 3 77 241
50 -50 3 78 241
50 0 3 79 241
50 0 3 80 241
50 -50 3 81 241
50 0 3 82 241
50 0 3 83 241
50 -50 3 84 241
50 -50 3 85 241
50 -50 3 86 241
50 0 3 87 241
50 -50 3 88 241
100 -1250 2 89 241
100 0 2 90 241
100 0 2 91 241
100 0 2 92 241
100 0 2 93 241
100 0 2 94 241
100 0 2 95 241
100 0 2 96 241
100 0 2 97 241
50 -50 3 98 241
50 -50 3 99 241
50 -50 3 100 241
100 0 1 1 242
50 0 4 2 242
100 -350 1 3 242
50 0 3 4 242
100 0 2 5 242
100 0 1 6 242
50 0 4 7 242
100 0 2 8 242
50 0 3 9 242
100 -150 1 10 242
50 0 4 11 242
100 0 2 12 242
50 -50 3 13 242
100 0 1 14 242
50 0 4 15 242
100 0 2 16 242
50 -50 3 17 242
100 0 1 18 242
50 0 4 19 242
100 0 2 20 242
50 -50 3 21 242
100 -300 1 22 242
50 0 4 23 242
100 0 2 24 242
50 -50 3 25 242
50 0 4 26 242
100 -200 1 27 242
50 0 3 28 242
100 0 2 29 242
50 0 4 30 242
100 -250 1 31 242
100 0 2 32 242
50 -250 4 33 242
50 -50 3 34 242
100 0 1 35 242
50 0 4 36 242
100 0 2 37 242
50 0 3 38 242
100 0 1 39 242
50 0 4 40 242
100 -1250 2 41 242
50 0 3 42 242
100 -300 1 43 242
50 0 4 44 242
100 0 2 45 242
50 -50 3 46 242
100 -200 1 47 242
50 0 4 48 242
100 0 2 49 242
50 -50 3 50 242
100 0 1 51 242
50 0 4 52 242
100 0 2 53 242
50 0 3 54 242
100 0 1 55 242
50 0 4 56 242
100 0 2 57 242
50 0 3 58 242
100 -250 1 59 242
50 0 4 60 242
100 0 2 61 242
50 0 3 62 242
100 0 1 63 242
50 0 4 64 242
100 -1250 2 65 242
50 -50 3 66 242
100 -150 1 67 242
50 0 4 68 242
100 0 2 69 242
50 -50 3 70 242
100 -350 1 71 242
50 0 4 72 242
100 0 2 73 242
50 -50 3 74 242
100 0 1 75 242
50 -250 4 76 242
100 0 2 77 242
50 0 3 78 242
100 -150 1 79 242
50 0 4 80 242
100 0 2 81 242
50 0 3 82 242
100 0 1 83 242
50 0 4 84 242
100 0 2 85 242
50 -50 3 86 242
50 0 4 87 242
100 0 2 88 242
50 -50 3 89 242
100 0 1 90 242
50 0 4 91 242
100 -1250 2 92 242
50 -50 3 93 242
100 -250 1 94 242
50 0 4 95 242
100 0 2 96 242
50 0 3 97 242
100 0 1 98 242
50 0 4 99 242
100 0 2 100 242
100 0 2 1 243
50 -250 4 2 243
50 -50 3 3 243
100 0 1 4 243
50 -50 3 5 243
100 0 2 6 243
100 0 2 7 243
100 0 2 8 243
100 0 2 9 243
100 0 2 10 243
100 0 2 11 243
100 0 2 12 243
100 0 2 13 243
100 -1250 2 14 243
100 0 2 15 243
100 0 2 16 243
100 0 2 17 243
100 0 2 18 243
100 0 2 19 243
50 0 3 20 243
100 -1250 2 21 243
50 0 4 22 243
50 -50 3 23 243
100 0 2 24 243
100 -150 1 25 243
100 0 2 26 243
100 0 2 27 243
100 0 2 28 243
100 0 2 29 243
50 0 3 30 243
100 -1250 2 31 243
100 0 2 32 243
100 0 2 33 243
100 0 2 34 243
50 0 4 35 243
50 -50 3 36 243
100 -200 1 37 243
100 0 2 38 243
100 0 2 39 243
100 0 2 40 243
100 0 2 41 243
50 -50 3 42 243
100 0 2 43 243
100 0 2 44 243
50 0 3 45 243
50 0 4 46 243
100 0 2 47 243
50 0 3 48 243
100 0 2 49 243
50 0 3 50 243
50 0 4 51 243
100 -1250 2 52 243
50 -50 3 53 243
100 0 2 54 243
100 0 2 55 243
100 0 2 56 243
100 0 2 57 243
50 0 4 58 243
50 -50 3 59 243
100 0 1 60 243
100 0 2 61 243
100 -300 1 62 243
50 -50 3 63 243
50 0 4 64 243
50 0 3 65 243
100 0 2 66 243
100 -350 1 67 243
100 0 2 68 243
50 -50 3 69 243
50 0 4 70 243
50 0 3 71 243
100 0 2 72 243
100 0 2 73 243
50 0 4 74 243
50 -50 3 75 243
50 0 4 76 243
100 0 2 77 243
50 0 4 78 243
50 0 4 79 243
50 0 3 80 243
100 -250 1 81 243
100 -1250 2 82 243
50 0 3 83 243
50 0 4 84 243
100 0 2 85 243
100 0 2 86 243
50 0 3 87 243
50 -250 4 88 243
50 0 3 89 243
100 0 2 90 243
100 0 2 91 243
100 0 2 92 243
50 0 3 93 243
50 0 4 94 243
50 0 3 95 243
50 0 4 96 243
100 0 1 97 243
50 0 4 98 243
50 -50 3 99 243
50 0 4 100 243
100 0 2 1 244
50 0 4 2 244
100 0 1 3 244
100 -250 1 4 244
100 -1250 2 5 244
100 0 2 6 244
100 0 2 7 244
100 0 2 8 244
100 0 2 9 244
100 0 2 10 244
100 0 2 11 244
100 0 2 12 244
100 0 2 13 244
100 0 2 14 244
100 0 2 15 244
100 0 2 16 244
100 0 2 17 244
100 0 2 18 244
100 0 2 19 244
100 0 2 20 244
100 0 2 21 244
100 0 2 22 244
100 -1250 2 23 244
100 0 1 24 244
100 -300 1 25 244
50 0 3 26 244
50 0 4 27 244
50 0 3 28 244
50 0 4 29 244
50 0 3 30 244
50 0 4 31 244
100 0 2 32 244
100 0 2 33 244
100 0 2 34 244
100 0 2 35 244
100 0 2 36 244
100 0 2 37 244
100 0 2 38 244
100 0 2 39 244
100 0 2 40 244
100 -1250 2 41 244
100 0 2 42 244
100 0 2 43 244
100 0 2 44 244
100 0 2 45 244
100 0 2 46 244
100 0 2 47 244
100 0 2 48 244
100 -1250 2 49 244
100 0 2 50 244
100 0 2 51 244
100 0 2 52 244
100 0 2 53 244
100 0 2 54 244
100 0 2 55 244
50 -50 3 56 244
100 0 2 57 244
100 0 2 58 244
100 0 2 59 244
100 0 2 60 244
100 0 2 61 244
100 -1250 2 62 244
100 0 2 63 244
100 0 2 64 244
100 0 2 65 244
100 0 2 66 244
100 0 2 67 244
100 -1250 2 68 244
100 0 2 69 244
100 0 2 70 244
100 0 2 71 244
100 0 2 72 244
100 0 2 73 244
50 -50 3 74 244
100 0 2 75 244
100 0 2 76 244
100 0 2 77 244
100 0 2 78 244
100 0 2 79 244
50 0 3 80 244
100 0 2 81 244
100 0 2 82 244
100 0 2 83 244
100 -1250 2 84 244
50 0 3 85 244
50 -50 3 86 244
100 0 2 87 244
100 0 2 88 244
50 0 4 89 244
100 0 1 90 244
100 0 1 91 244
100 0 2 92 244
100 -150 1 93 244
100 0 2 94 244
100 0 2 95 244
50 -50 3 96 244
100 -1250 2 97 244
100 0 2 98 244
100 0 2 99 244
100 0 2 100 244
100 0 1 1 245
100 -200 1 2 245
100 -1250 2 3 245
50 -50 3 4 245
50 0 4 5 245
50 0 4 6 245
50 0 4 7 245
50 -250 4 8 245
50 0 4 9 245
50 0 4 10 245
100 -350 1 11 245
50 0 4 12 245
50 0 4 13 245
100 0 2 14 245
50 0 4 15 245
50 0 4 16 245
100 0 2 17 245
50 -250 4 18 245
100 0 2 19 245
100 0 2 20 245
50 0 4 21 245
50 0 4 22 245
100 0 2 23 245
100 0 2 24 245
50 0 4 25 245
100 0 2 26 245
100 0 2 27 245
50 0 4 28 245
50 0 4 29 245
100 0 2 30 245
100 0 2 31 245
50 0 4 32 245
100 0 2 33 245
100 0 2 34 245
50 0 4 35 245
50 0 4 36 245
100 0 2 37 245
100 0 2 38 245
50 0 4 39 245
100 0 2 40 245
100 -1250 2 41 245
50 0 4 42 245
50 0 4 43 245
100 0 2 44 245
100 0 2 45 245
50 0 4 46 245
100 0 2 47 245
100 0 2 48 245
50 -250 4 49 245
50 0 4 50 245
50 0 4 51 245
100 0 2 52 245
100 0 2 53 245
50 0 4 54 245
50 0 4 55 245
100 0 1 56 245
100 0 2 57 245
100 0 2 58 245
50 0 4 59 245
50 0 4 60 245
100 0 2 61 245
100 0 2 62 245
50 -250 4 63 245
100 0 1 64 245
50 0 4 65 245
50 0 4 66 245
50 -50 3 67 245
50 0 4 68 245
50 0 4 69 245
100 0 2 70 245
50 0 3 71 245
50 0 3 72 245
50 0 4 73 245
50 0 4 74 245
100 0 2 75 245
100 -1250 2 76 245
50 0 4 77 245
50 0 4 78 245
50 0 3 79 245
50 0 3 80 245
100 0 2 81 245
100 0 2 82 245
50 0 4 83 245
100 0 2 84 245
100 0 2 85 245
50 0 4 86 245
50 0 4 87 245
100 -1250 2 88 245
50 0 4 89 245
50 0 4 90 245
100 0 2 91 245
100 0 2 92 245
100 0 2 93 245
100 0 2 94 245
50 0 4 95 245
50 0 4 96 245
50 -50 3 97 245
50 -50 3 98 245
100 0 1 99 245
100 0 2 100 245
100 0 2 1 246
100 -150 1 2 246
50 0 3 3 246
50 0 3 4 246
50 -50 3 5 246
50 0 4 6 246
100 0 2 7 246
100 -350 1 8 246
100 0 2 9 246
50 -50 3 10 246
50 0 4 11 246
50 0 4 12 246
50 0 4 13 246
100 0 2 14 246
100 0 2 15 246
100 0 2 16 246
100 0 2 17 246
100 0 2 18 246
100 0 2 19 246
100 -1250 2 20 246
50 0 4 21 246
50 0 4 22 246
50 -50 3 23 246
50 0 4 24 246
100 0 2 25 246
100 0 2 26 246
100 0 2 27 246
100 0 2 28 246
100 0 2 29 246
100 -1250 2 30 246
100 0 2 31 246
100 0 2 32 246
100 0 2 33 246
100 0 2 34 246
100 0 2 35 246
50 0 4 36 246
50 0 3 37 246
50 0 3 38 246
50 -50 3 39 246
50 0 3 40 246
50 -50 3 41 246
50 0 3 42 246
50 -50 3 43 246
50 -50 3 44 246
50 -50 3 45 246
50 -50 3 46 246
50 0 3 47 246
50 -50 3 48 246
50 -250 4 49 246
100 0 2 50 246
50 0 3 51 246
50 0 3 52 246
50 0 3 53 246
50 0 3 54 246
50 -50 3 55 246
50 0 3 56 246
50 0 3 57 246
50 0 4 58 246
50 -50 3 59 246
50 0 3 60 246
100 0 1 61 246
100 0 1 62 246
100 -250 1 63 246
100 0 1 64 246
100 0 1 65 246
100 0 1 66 246
100 -300 1 67 246
100 -200 1 68 246
100 -150 1 69 246
100 0 1 70 246
50 -50 3 71 246
50 -50 3 72 246
50 0 3 73 246
100 -200 1 74 246
50 -50 3 75 246
50 0 3 76 246
50 -50 3 77 246
50 0 3 78 246
50 0 3 79 246
50 0 3 80 246
50 -50 3 81 246
50 0 3 82 246
50 -50 3 83 246
50 -50 3 84 246
50 -50 3 85 246
50 0 3 86 246
50 0 3 87 246
50 0 3 88 246
50 -50 3 89 246
50 0 3 90 246
50 -50 3 91 246
50 -50 3 92 246
50 0 3 93 246
50 -50 3 94 246
50 -50 3 95 246
50 0 3 96 246
50 0 4 97 246
50 0 4 98 246
50 0 4 99 246
50 0 4 100 246
50 0 3 1 247
100 0 2 2 247
50 0 3 3 247
100 0 2 4 247
50 0 3 5 247
100 0 2 6 247
100 0 2 7 247
100 0 2 8 247
100 0 1 9 247
100 0 2 10 247
50 -250 4 11 247
100 0 2 12 247
100 -1250 2 13 247
100 0 2 14 247
100 0 2 15 247
100 0 2 16 247
100 0 2 17 247
50 0 3 18 247
50 -50 3 19 247
50 -50 3 20 247
50 -50 3 21 247
100 0 2 22 247
100 0 2 23 247
100 0 2 24 247
100 -1250 2 25 247
100 0 2 26 247
100 0 2 27 247
100 0 2 28 247
100 0 2 29 247
100 0 2 30 247
100 -250 1 31 247
100 -200 1 32 247
100 0 1 33 247
100 -350 1 34 247
100 0 2 35 247
100 0 2 36 247
100 0 2 37 247
100 0 2 38 247
100 -1250 2 39 247
100 0 2 40 247
100 0 2 41 247
100 0 2 42 247
100 0 2 43 247
100 0 2 44 247
50 0 3 45 247
50 -50 3 46 247
50 -50 3 47 247
100 0 2 48 247
50 0 3 49 247
100 -1250 2 50 247
50 -50 3 51 247
100 0 2 52 247
100 0 2 53 247
100 0 2 54 247
100 0 2 55 247
100 0 2 56 247
50 0 3 57 247
50 -50 3 58 247
100 0 2 59 247
50 -50 3 60 247
100 0 2 61 247
100 0 2 62 247
50 0 3 63 247
100 0 2 64 247
50 -50 3 65 247
100 0 2 66 247
100 0 2 67 247
100 -1250 2 68 247
50 0 3 69 247
50 0 3 70 247
50 -50 3 71 247
50 0 3 72 247
50 0 3 73 247
50 -50 3 74 247
50 -50 3 75 247
50 -50 3 76 247
50 -50 3 77 247
100 0 2 78 247
50 -50 3 79 247
50 0 3 80 247
50 0 3 81 247
50 0 3 82 247
50 -50 3 83 247
50 0 3 84 247
50 -50 3 85 247
50 -50 3 86 247
100 0 2 87 247
50 0 3 88 247
50 -50 3 89 247
100 0 2 90 247
50 0 3 91 247
50 -50 3 92 247
50 0 3 93 247
50 0 3 94 247
50 -50 3 95 247
100 0 2 96 247
100 0 2 97 247
50 0 3 98 247
100 0 2 99 247
50 0 3 100 247
100 0 2 1 248
100 0 1 2 248
50 0 3 3 248
50 0 4 4 248
100 0 2 5 248
50 -50 3 6 248
100 0 1 7 248
50 0 4 8 248
100 -150 1 9 248
100 -1250 2 10 248
50 0 3 11 248
50 0 3 12 248
50 -50 3 13 248
50 0 4 14 248
50 -250 4 15 248
50 -50 3 16 248
100 0 1 17 248
100 -200 1 18 248
100 -300 1 19 248
50 -50 3 20 248
50 0 3 21 248
50 -50 3 22 248
50 0 3 23 248
50 -50 3 24 248
50 0 3 25 248
50 0 3 26 248
50 -50 3 27 248
50 0 3 28 248
50 -50 3 29 248
50 -50 3 30 248
50 0 3 31 248
50 0 3 32 248
50 0 4 33 248
50 -50 3 34 248
50 0 3 35 248
50 0 3 36 248
50 -50 3 37 248
50 -50 3 38 248
50 -50 3 39 248
50 -50 3 40 248
50 0 3 41 248
100 0 1 42 248
50 0 3 43 248
50 0 3 44 248
50 -50 3 45 248
50 -50 3 46 248
50 0 3 47 248
50 -50 3 48 248
50 0 3 49 248
50 -50 3 50 248
50 0 3 51 248
50 0 4 52 248
50 -50 3 53 248
50 0 3 54 248
50 0 3 55 248
50 -50 3 56 248
100 0 1 57 248
50 -50 3 58 248
50 -50 3 59 248
50 -50 3 60 248
50 0 3 61 248
50 0 4 62 248
50 0 3 63 248
50 -50 3 64 248
100 -250 1 65 248
50 0 3 66 248
50 0 3 67 248
50 0 3 68 248
50 -50 3 69 248
50 -50 3 70 248
50 0 3 71 248
50 -50 3 72 248
50 0 3 73 248
50 0 3 74 248
50 -50 3 75 248
50 -50 3 76 248
50 0 3 77 248
50 0 4 78 248
50 0 3 79 248
50 0 4 80 248
50 -50 3 81 248
50 -50 3 82 248
50 -50 3 83 248
50 0 3 84 248
50 0 3 85 248
50 0 3 86 248
50 -50 3 87 248
50 0 4 88 248
50 -250 4 89 248
50 0 3 90 248
50 -50 3 91 248
50 -50 3 92 248
50 0 3 93 248
50 0 3 94 248
50 0 3 95 248
50 0 4 96 248
50 0 3 97 248
50 0 3 98 248
50 -50 3 99 248
50 -50 3 100 248
100 0 2 1 249
100 -1250 2 2 249
50 0 3 3 249
100 0 1 4 249
100 0 1 5 249
50 0 4 6 249
100 -350 1 7 249
100 0 2 8 249
50 0 3 9 249
100 0 2 10 249
100 0 2 11 249
50 0 4 12 249
50 -50 3 13 249
100 0 2 14 249
100 0 1 15 249
100 -200 1 16 249
100 0 2 17 249
100 0 2 18 249
50 0 4 19 249
50 -50 3 20 249
100 -300 1 21 249
100 0 2 22 249
50 0 3 23 249
100 0 2 24 249
100 -150 1 25 249
100 0 2 26 249
50 -50 3 27 249
50 0 4 28 249
50 0 4 29 249
50 -50 3 30 249
100 -1250 2 31 249
100 0 1 32 249
100 -250 1 33 249
100 0 2 34 249
50 0 3 35 249
100 0 2 36 249
100 0 2 37 249
100 0 2 38 249
100 0 2 39 249
100 0 2 40 249
100 0 2 41 249
50 -50 3 42 249
100 0 2 43 249
100 0 2 44 249
100 -1250 2 45 249
50 0 4 46 249
50 0 3 47 249
50 -50 3 48 249
50 0 4 49 249
50 0 4 50 249
100 0 1 51 249
50 -250 4 52 249
100 -350 1 53 249
100 0 2 54 249
100 0 2 55 249
100 0 2 56 249
100 0 2 57 249
50 0 3 58 249
50 -50 3 59 249
100 0 1 60 249
100 0 2 61 249
50 0 4 62 249
100 -250 1 63 249
100 0 2 64 249
100 0 2 65 249
100 0 2 66 249
100 0 2 67 249
50 0 3 68 249
50 -50 3 69 249
100 0 2 70 249
100 0 2 71 249
100 0 2 72 249
100 0 2 73 249
100 0 2 74 249
100 0 2 75 249
100 -1250 2 76 249
50 0 4 77 249
50 0 4 78 249
100 0 2 79 249
100 0 2 80 249
100 0 2 81 249
100 0 2 82 249
100 0 2 83 249
50 0 3 84 249
100 0 2 85 249
100 0 2 86 249
100 0 2 87 249
100 -1250 2 88 249
50 -50 3 89 249
100 0 2 90 249
100 0 2 91 249
100 0 2 92 249
100 0 1 93 249
100 0 2 94 249
100 0 2 95 249
100 -1250 2 96 249
100 -200 1 97 249
100 0 2 98 249
100 0 2 99 249
50 0 4 100 249
50 -250 4 1 250
50 -50 3 2 250
50 -50 3 3 250
100 0 2 4 250
100 0 1 5 250
100 -1250 2 6 250
100 0 1 7 250
50 0 3 8 250
100 0 1 9 250
100 -350 1 10 250
50 -50 3 11 250
50 0 4 12 250
100 0 1 13 250
50 -50 3 14 250
100 0 2 15 250
100 -250 1 16 250
50 0 4 17 250
50 0 3 18 250
50 0 3 19 250
50 0 3 20 250
50 -50 3 21 250
50 0 4 22 250
100 -300 1 23 250
100 0 2 24 250
100 0 2 25 250
100 0 2 26 250
100 0 2 27 250
50 0 3 28 250
100 0 2 29 250
100 0 2 30 250
100 0 2 31 250
100 0 2 32 250
50 0 3 33 250
50 0 3 34 250
100 0 2 35 250
100 0 2 36 250
50 0 3 37 250
50 0 4 38 250
100 0 2 39 250
100 0 2 40 250
100 -1250 2 41 250
50 0 3 42 250
50 0 3 43 250
100 0 2 44 250
100 0 2 45 250
100 0 2 46 250
50 0 4 47 250
50 -50 3 48 250
50 0 4 49 250
100 0 2 50 250
100 0 2 51 250
50 -50 3 52 250
50 -50 3 53 250
50 0 4 54 250
100 0 2 55 250
50 -50 3 56 250
50 0 4 57 250
50 0 4 58 250
50 -50 3 59 250
50 0 4 60 250
100 0 2 61 250
50 0 4 62 250
50 0 4 63 250
100 -1250 2 64 250
100 0 2 65 250
100 0 2 66 250
100 0 2 67 250
100 0 2 68 250
100 0 2 69 250
50 0 3 70 250
50 0 4 71 250
50 0 3 72 250
50 0 4 73 250
50 0 4 74 250
50 -250 4 75 250
50 0 4 76 250
50 -50 3 77 250
100 0 2 78 250
100 0 2 79 250
50 0 3 80 250
50 -50 3 81 250
50 0 4 82 250
50 0 4 83 250
100 0 2 84 250
50 -50 3 85 250
50 0 4 86 250
50 0 3 87 250
50 -250 4 88 250
50 0 4 89 250
50 -50 3 90 250
50 -50 3 91 250
50 0 3 92 250
50 0 4 93 250
50 0 3 94 250
100 -150 1 95 250
50 -50 3 96 250
50 0 3 97 250
50 0 4 98 250
100 0 1 99 250
50 -50 3 100 250
100 -150 1 1 251
50 -50 3 2 251
100 0 2 3 251
50 0 4 4 251
50 0 4 5 251
50 0 3 6 251
100 0 1 7 251
100 0 2 8 251
50 0 4 9 251
50 -50 3 10 251
100 -1250 2 11 251
100 0 1 12 251
50 0 3 13 251
50 -250 4 14 251
100 0 1 15 251
100 0 2 16 251
100 0 1 17 251
100 0 2 18 251
50 0 4 19 251
50 -50 3 20 251
100 -350 1 21 251
100 0 2 22 251
100 0 2 23 251
100 0 2 24 251
100 0 2 25 251
100 0 2 26 251
100 0 2 27 251
100 0 2 28 251
100 0 2 29 251
100 0 2 30 251
100 0 2 31 251
100 -1250 2 32 251
50 0 4 33 251
100 0 2 34 251
100 0 2 35 251
100 0 2 36 251
100 0 2 37 251
100 0 2 38 251
50 0 3 39 251
100 0 2 40 251
50 0 3 41 251
100 0 2 42 251
100 0 2 43 251
100 -1250 2 44 251
100 0 2 45 251
100 0 2 46 251
100 0 2 47 251
100 0 2 48 251
100 0 2 49 251
100 0 2 50 251
100 -250 1 51 251
50 -50 3 52 251
100 0 2 53 251
100 0 2 54 251
100 0 2 55 251
100 -1250 2 56 251
100 0 2 57 251
50 0 4 58 251
50 0 3 59 251
100 0 2 60 251
100 0 1 61 251
100 0 2 62 251
50 -50 3 63 251
100 0 2 64 251
50 0 4 65 251
50 0 4 66 251
50 0 4 67 251
50 -50 3 68 251
50 0 4 69 251
100 0 2 70 251
100 -300 1 71 251
100 0 2 72 251
100 0 2 73 251
100 0 2 74 251
100 0 2 75 251
100 0 2 76 251
100 -1250 2 77 251
50 -50 3 78 251
50 0 3 79 251
50 -50 3 80 251
50 0 4 81 251
50 0 4 82 251
50 0 4 83 251
100 0 2 84 251
100 0 2 85 251
50 0 3 86 251
100 0 2 87 251
100 -200 1 88 251
100 0 2 89 251
100 0 2 90 251
100 0 2 91 251
100 -1250 2 92 251
50 0 3 93 251
100 0 2 94 251
100 0 2 95 251
100 0 2 96 251
100 0 2 97 251
100 0 2 98 251
100 0 2 99 251
100 0 2 100 251
100 0 1 1 252
100 -300 1 2 252
100 -150 1 3 252
100 -250 1 4 252
100 0 2 5 252
100 -1250 2 6 252
100 0 2 7 252
100 0 2 8 252
100 0 2 9 252
100 0 2 10 252
50 0 3 11 252
50 -50 3 12 252
50 -50 3 13 252
50 -50 3 14 252
50 -250 4 15 252
50 0 4 16 252
50 0 4 17 252
50 0 4 18 252
50 0 4 19 252
50 0 4 20 252
50 0 4 21 252
50 0 4 22 252
50 0 4 23 252
50 0 4 24 252
50 0 4 25 252
50 0 4 26 252
50 0 4 27 252
50 -250 4 28 252
100 0 1 29 252
100 0 1 30 252
100 -200 1 31 252
100 -350 1 32 252
100 0 1 33 252
100 0 1 34 252
100 0 1 35 252
100 -150 1 36 252
100 -250 1 37 252
100 0 2 38 252
100 0 2 39 252
100 -300 1 40 252
100 0 2 41 252
100 0 2 42 252
100 0 2 43 252
50 0 3 44 252
50 0 3 45 252
50 0 4 46 252
50 -50 3 47 252
100 0 2 48 252
100 0 1 49 252
100 -200 1 50 252
100 0 2 51 252
100 0 2 52 252
50 0 4 53 252
50 0 4 54 252
50 0 4 55 252
50 0 4 56 252
50 0 4 57 252
50 0 4 58 252
50 0 4 59 252
50 0 4 60 252
50 -250 4 61 252
50 0 3 62 252
50 -50 3 63 252
100 0 2 64 252
100 -1250 2 65 252
100 0 2 66 252
100 0 2 67 252
100 0 2 68 252
100 0 2 69 252
100 0 2 70 252
100 -1250 2 71 252
100 -350 1 72 252
100 0 1 73 252
100 0 1 74 252
50 0 3 75 252
50 0 3 76 252
50 -50 3 77 252
50 -50 3 78 252
50 -50 3 79 252
50 -50 3 80 252
50 0 3 81 252
50 0 3 82 252
50 0 3 83 252
50 0 3 84 252
50 -50 3 85 252
50 -50 3 86 252
50 0 3 87 252
50 -50 3 88 252
50 -50 3 89 252
50 0 3 90 252
50 0 3 91 252
100 0 1 92 252
100 0 1 93 252
100 -150 1 94 252
100 0 1 95 252
100 -350 1 96 252
100 0 1 97 252
100 -200 1 98 252
100 -300 1 99 252
100 -250 1 100 252
100 0 1 1 253
100 -350 1 2 253
100 0 2 3 253
100 0 2 4 253
100 -1250 2 5 253
100 0 2 6 253
100 0 2 7 253
50 -50 3 8 253
50 0 3 9 253
50 -50 3 10 253
50 0 3 11 253
50 -50 3 12 253
50 0 4 13 253
50 0 4 14 253
50 0 4 15 253
50 0 4 16 253
50 -250 4 17 253
50 0 4 18 253
50 0 4 19 253
50 0 4 20 253
50 0 4 21 253
100 -300 1 22 253
100 0 1 23 253
100 0 1 24 253
100 -200 1 25 253
100 -250 1 26 253
100 0 2 27 253
100 0 2 28 253
100 0 2 29 253
100 0 2 30 253
100 0 2 31 253
100 0 2 32 253
100 0 2 33 253
100 0 2 34 253
100 0 2 35 253
100 -1250 2 36 253
100 0 2 37 253
100 0 2 38 253
100 0 2 39 253
100 0 2 40 253
100 0 2 41 253
100 -1250 2 42 253
50 0 4 43 253
100 -150 1 44 253
50 -50 3 45 253
50 -50 3 46 253
100 0 1 47 253
100 0 1 48 253
100 0 2 49 253
100 0 2 50 253
100 0 2 51 253
100 0 2 52 253
100 0 1 53 253
100 0 1 54 253
100 -250 1 55 253
100 -300 1 56 253
100 -150 1 57 253
100 0 2 58 253
100 0 2 59 253
100 0 2 60 253
100 0 2 61 253
100 0 2 62 253
100 0 2 63 253
100 0 2 64 253
100 0 2 65 253
100 -1250 2 66 253
100 0 2 67 253
100 0 2 68 253
100 0 2 69 253
100 0 2 70 253
100 0 2 71 253
100 0 2 72 253
100 0 2 73 253
100 0 2 74 253
100 0 2 75 253
100 0 2 76 253
100 -1250 2 77 253
100 0 2 78 253
100 0 2 79 253
100 0 2 80 253
100 0 2 81 253
100 0 2 82 253
100 0 2 83 253
100 0 2 84 253
100 0 2 85 253
100 0 2 86 253
100 0 2 87 253
100 0 2 88 253
100 0 2 89 253
100 -1250 2 90 253
50 0 4 91 253
50 -250 4 92 253
50 0 4 93 253
50 0 4 94 253
50 0 4 95 253
50 0 4 96 253
50 0 4 97 253
50 0 4 98 253
50 0 4 99 253
50 0 4 100 253
100 0 1 1 254
50 0 3 2 254
50 0 3 3 254
50 0 3 4 254
50 -50 3 5 254
100 0 2 6 254
50 0 4 7 254
50 0 3 8 254
50 0 3 9 254
50 -50 3 10 254
100 -150 1 11 254
100 0 2 12 254
50 -50 3 13 254
50 0 4 14 254
50 -50 3 15 254
50 0 4 16 254
50 0 4 17 254
100 0 2 18 254
50 -50 3 19 254
50 0 4 20 254
50 0 4 21 254
50 0 4 22 254
50 0 4 23 254
100 -300 1 24 254
50 0 4 25 254
50 -250 4 26 254
50 -50 3 27 254
50 0 3 28 254
50 -50 3 29 254
50 0 4 30 254
50 0 4 31 254
100 0 2 32 254
100 0 2 33 254
50 -50 3 34 254
50 -250 4 35 254
50 0 3 36 254
50 0 3 37 254
50 -50 3 38 254
50 0 3 39 254
50 -50 3 40 254
50 0 3 41 254
50 -50 3 42 254
50 -50 3 43 254
50 -50 3 44 254
50 0 3 45 254
50 0 3 46 254
50 0 3 47 254
50 -50 3 48 254
50 -50 3 49 254
50 0 3 50 254
50 0 3 51 254
50 -50 3 52 254
50 0 3 53 254
50 -50 3 54 254
50 -50 3 55 254
50 0 3 56 254
50 -50 3 57 254
50 0 3 58 254
50 0 3 59 254
50 -50 3 60 254
50 0 3 61 254
50 0 3 62 254
50 -50 3 63 254
50 0 3 64 254
50 0 3 65 254
50 -50 3 66 254
50 -50 3 67 254
50 -50 3 68 254
50 -50 3 69 254
50 0 3 70 254
50 0 3 71 254
50 -50 3 72 254
50 -50 3 73 254
50 -50 3 74 254
50 0 3 75 254
100 -1250 2 76 254
50 0 3 77 254
50 -50 3 78 254
50 0 3 79 254
50 -50 3 80 254
50 0 3 81 254
50 0 3 82 254
50 0 3 83 254
50 0 3 84 254
50 0 3 85 254
50 -50 3 86 254
50 -50 3 87 254
50 0 3 88 254
50 -50 3 89 254
50 -50 3 90 254
50 -50 3 91 254
50 0 3 92 254
50 0 3 93 254
50 -50 3 94 254
50 0 3 95 254
50 0 3 96 254
50 -50 3 97 254
50 -50 3 98 254
50 -50 3 99 254
50 -50 3 100 254
100 0 1 1 255
100 0 2 2 255
50 -50 3 3 255
50 0 4 4 255
100 0 1 5 255
100 -350 1 6 255
100 -300 1 7 255
100 -1250 2 8 255
50 0 3 9 255
50 0 4 10 255
50 -50 3 11 255
100 0 2 12 255
100 -150 1 13 255
100 0 2 14 255
50 0 3 15 255
50 0 4 16 255
50 -250 4 17 255
50 -50 3 18 255
100 0 2 19 255
100 0 1 20 255
100 0 2 21 255
50 0 3 22 255
50 0 4 23 255
50 0 3 24 255
100 0 2 25 255
100 -200 1 26 255
100 0 2 27 255
50 0 3 28 255
50 0 4 29 255
50 -50 3 30 255
100 0 2 31 255
100 0 1 32 255
100 0 2 33 255
50 -50 3 34 255
50 0 4 35 255
50 -50 3 36 255
100 0 2 37 255
100 -250 1 38 255
100 0 2 39 255
50 -50 3 40 255
50 0 4 41 255
50 0 3 42 255
100 0 2 43 255
100 0 1 44 255
100 0 2 45 255
50 -50 3 46 255
50 0 4 47 255
50 0 3 48 255
100 0 2 49 255
100 -250 1 50 255
100 0 2 51 255
50 -50 3 52 255
50 0 4 53 255
50 0 3 54 255
100 0 2 55 255
100 0 1 56 255
100 -1250 2 57 255
50 0 3 58 255
50 0 4 59 255
50 -50 3 60 255
100 0 2 61 255
100 0 1 62 255
100 0 2 63 255
50 0 3 64 255
50 0 4 65 255
50 0 3 66 255
100 0 2 67 255
100 0 1 68 255
100 0 2 69 255
50 -50 3 70 255
50 0 4 71 255
50 -50 3 72 255
100 0 2 73 255
100 0 1 74 255
100 0 2 75 255
50 -50 3 76 255
50 0 4 77 255
50 -50 3 78 255
100 -1250 2 79 255
100 -150 1 80 255
100 0 2 81 255
50 0 3 82 255
50 0 4 83 255
50 0 3 84 255
100 0 2 85 255
100 -300 1 86 255
100 0 2 87 255
50 -50 3 88 255
50 0 4 89 255
50 0 3 90 255
100 0 2 91 255
100 -350 1 92 255
100 0 2 93 255
50 0 3 94 255
50 0 4 95 255
50 -50 3 96 255
100 0 2 97 255
100 -200 1 98 255
100 0 2 99 255
50 0 3 100 255
100 0 1 1 256
100 -250 1 2 256
100 -200 1 3 256
100 0 2 4 256
50 0 3 5 256
50 0 4 6 256
100 0 1 7 256
100 -1250 2 8 256
100 0 1 9 256
50 0 4 10 256
100 -350 1 11 256
50 -50 3 12 256
100 0 2 13 256
50 0 4 14 256
100 0 1 15 256
50 -50 3 16 256
100 0 2 17 256
50 0 4 18 256
100 -150 1 19 256
50 0 3 20 256
100 0 2 21 256
50 -250 4 22 256
100 0 1 23 256
50 0 3 24 256
100 0 2 25 256
100 -300 1 26 256
50 0 4 27 256
50 -50 3 28 256
100 0 2 29 256
100 0 1 30 256
50 0 4 31 256
100 0 2 32 256
50 -50 3 33 256
100 -300 1 34 256
50 0 4 35 256
50 0 3 36 256
100 0 2 37 256
50 -50 3 38 256
100 0 2 39 256
50 0 3 40 256
100 0 2 41 256
50 -50 3 42 256
100 -1250 2 43 256
50 -50 3 44 256
50 0 4 45 256
100 -250 1 46 256
100 0 2 47 256
50 0 3 48 256
100 -150 1 49 256
100 0 2 50 256
50 0 4 51 256
50 -50 3 52 256
50 -50 3 53 256
50 0 3 54 256
50 -50 3 55 256
50 0 3 56 256
50 0 3 57 256
50 0 3 58 256
50 -50 3 59 256
50 0 3 60 256
50 0 3 61 256
50 -50 3 62 256
50 -50 3 63 256
50 -50 3 64 256
50 0 3 65 256
50 0 3 66 256
50 0 3 67 256
50 -50 3 68 256
50 -50 3 69 256
50 0 3 70 256
50 0 3 71 256
50 -50 3 72 256
50 0 3 73 256
50 -50 3 74 256
50 -50 3 75 256
50 0 3 76 256
50 0 3 77 256
50 -50 3 78 256
50 -50 3 79 256
50 0 3 80 256
50 0 3 81 256
50 -50 3 82 256
50 0 3 83 256
50 0 3 84 256
50 0 3 85 256
50 -50 3 86 256
50 -50 3 87 256
50 -50 3 88 256
50 -50 3 89 256
50 -50 3 90 256
50 0 3 91 256
50 -50 3 92 256
50 0 3 93 256
50 -50 3 94 256
50 0 3 95 256
50 0 3 96 256
50 0 3 97 256
50 -50 3 98 256
50 -50 3 99 256
50 -50 3 100 256
100 -200 1 1 257
100 -150 1 2 257
100 -350 1 3 257
100 0 2 4 257
100 0 2 5 257
100 0 2 6 257
100 0 2 7 257
100 0 2 8 257
50 -50 3 9 257
50 0 4 10 257
100 0 2 11 257
100 -1250 2 12 257
100 0 2 13 257
100 0 2 14 257
100 0 2 15 257
100 0 2 16 257
100 -1250 2 17 257
100 0 2 18 257
100 0 2 19 257
100 0 2 20 257
100 0 2 21 257
50 0 4 22 257
100 0 2 23 257
100 0 2 24 257
100 0 2 25 257
100 0 2 26 257
50 0 4 27 257
100 0 2 28 257
100 0 2 29 257
100 0 2 30 257
100 0 2 31 257
50 0 4 32 257
100 0 2 33 257
100 -1250 2 34 257
50 -50 3 35 257
50 0 4 36 257
50 0 4 37 257
50 0 4 38 257
50 -250 4 39 257
100 0 2 40 257
100 0 2 41 257
100 0 2 42 257
100 0 2 43 257
100 0 2 44 257
100 0 2 45 257
100 0 2 46 257
100 -1250 2 47 257
100 0 2 48 257
100 0 2 49 257
100 0 2 50 257
100 0 2 51 257
100 0 2 52 257
100 0 2 53 257
100 0 2 54 257
100 0 2 55 257
50 0 4 56 257
100 0 2 57 257
50 0 4 58 257
100 -1250 2 59 257
100 0 2 60 257
100 0 2 61 257
50 0 3 62 257
50 0 3 63 257
50 0 3 64 257
100 0 2 65 257
100 0 2 66 257
100 0 2 67 257
100 0 2 68 257
50 -50 3 69 257
50 0 4 70 257
50 0 4 71 257
50 0 3 72 257
100 0 2 73 257
100 0 2 74 257
50 0 3 75 257
50 -50 3 76 257
50 0 4 77 257
50 -250 4 78 257
100 0 2 79 257
100 0 2 80 257
100 0 2 81 257
100 0 2 82 257
50 -50 3 83 257
50 -50 3 84 257
50 0 4 85 257
50 0 4 86 257
50 0 4 87 257
100 0 2 88 257
100 -1250 2 89 257
100 0 2 90 257
100 0 2 91 257
100 0 2 92 257
100 -1250 2 93 257
100 0 2 94 257
100 0 2 95 257
100 0 2 96 257
100 0 2 97 257
100 0 2 98 257
50 0 3 99 257
100 0 2 100 257
100 0 1 1 258
100 0 2 2 258
50 0 3 3 258
50 -250 4 4 258
100 -300 1 5 258
100 0 2 6 258
50 -50 3 7 258
50 0 4 8 258
100 0 1 9 258
100 0 2 10 258
50 -50 3 11 258
50 0 4 12 258
100 0 2 13 258
100 0 2 14 258
100 -1250 2 15 258
100 0 1 16 258
50 0 3 17 258
50 0 3 18 258
50 -50 3 19 258
100 -200 1 20 258
50 0 4 21 258
100 0 2 22 258
50 -50 3 23 258
50 0 3 24 258
50 -50 3 25 258
50 0 3 26 258
50 0 3 27 258
50 0 3 28 258
50 -50 3 29 258
50 -50 3 30 258
50 -50 3 31 258
50 0 3 32 258
50 0 3 33 258
50 -50 3 34 258
50 0 3 35 258
50 -50 3 36 258
50 -50 3 37 258
50 0 3 38 258
50 -50 3 39 258
50 -50 3 40 258
50 0 3 41 258
50 0 3 42 258
50 -50 3 43 258
50 -50 3 44 258
50 0 3 45 258
50 0 3 46 258
50 -50 3 47 258
50 0 3 48 258
50 -50 3 49 258
50 0 3 50 258
50 -50 3 51 258
50 0 3 52 258
50 0 3 53 258
50 -50 3 54 258
50 0 3 55 258
50 -50 3 56 258
50 -50 3 57 258
50 -50 3 58 258
50 0 3 59 258
50 0 3 60 258
50 -50 3 61 258
50 0 3 62 258
50 -50 3 63 258
50 -50 3 64 258
50 0 3 65 258
50 0 3 66 258
50 -50 3 67 258
50 -50 3 68 258
50 -50 3 69 258
50 0 3 70 258
100 -350 1 71 258
50 0 3 72 258
50 0 3 73 258
50 -50 3 74 258
50 0 3 75 258
50 -50 3 76 258
50 0 3 77 258
50 0 3 78 258
50 0 3 79 258
50 0 3 80 258
50 0 3 81 258
50 -50 3 82 258
50 -50 3 83 258
50 -50 3 84 258
50 -50 3 85 258
50 0 3 86 258
50 -50 3 87 258
50 -50 3 88 258
50 0 3 89 258
50 0 3 90 258
50 0 3 91 258
50 -50 3 92 258
50 0 3 93 258
50 -50 3 94 258
50 -50 3 95 258
50 0 3 96 258
50 -50 3 97 258
50 0 3 98 258
50 -50 3 99 258
50 0 3 100 258
50 0 3 1 259
100 -350 1 2 259
100 0 2 3 259
50 0 4 4 259
50 -50 3 5 259
100 0 2 6 259
50 0 4 7 259
100 0 2 8 259
100 0 2 9 259
100 0 2 10 259
50 -50 3 11 259
100 0 2 12 259
100 -1250 2 13 259
50 0 4 14 259
100 0 1 15 259
100 -200 1 16 259
100 0 2 17 259
50 0 3 18 259
100 0 2 19 259
100 0 2 20 259
100 0 2 21 259
100 0 2 22 259
50 0 4 23 259
50 0 4 24 259
100 0 2 25 259
100 0 2 26 259
50 -250 4 27 259
100 0 2 28 259
100 0 1 29 259
100 -150 1 30 259
100 -1250 2 31 259
50 0 3 32 259
50 -50 3 33 259
50 0 3 34 259
50 0 4 35 259
50 0 4 36 259
50 0 4 37 259
50 0 4 38 259
100 0 2 39 259
100 0 2 40 259
100 0 2 41 259
100 0 2 42 259
100 0 2 43 259
100 0 2 44 259
100 0 2 45 259
50 0 4 46 259
50 0 4 47 259
50 0 4 48 259
50 0 4 49 259
50 0 4 50 259
50 0 4 51 259
50 0 4 52 259
50 0 4 53 259
50 0 4 54 259
50 -250 4 55 259
50 -50 3 56 259
50 0 4 57 259
50 0 4 58 259
50 0 4 59 259
50 -250 4 60 259
100 0 2 61 259
100 0 2 62 259
100 0 2 63 259
100 0 2 64 259
50 0 3 65 259
100 -1250 2 66 259
50 -50 3 67 259
50 0 3 68 259
50 0 4 69 259
50 0 4 70 259
50 0 4 71 259
50 0 4 72 259
50 0 4 73 259
50 0 4 74 259
50 0 4 75 259
100 0 2 76 259
100 0 2 77 259
100 0 2 78 259
100 0 2 79 259
100 0 2 80 259
100 0 2 81 259
50 0 4 82 259
50 0 4 83 259
50 0 4 84 259
50 0 4 85 259
50 0 4 86 259
50 0 4 87 259
50 0 4 88 259
50 0 4 89 259
50 -250 4 90 259
50 -250 4 91 259
100 0 2 92 259
100 0 2 93 259
100 0 2 94 259
50 0 4 95 259
50 0 4 96 259
50 0 4 97 259
50 0 4 98 259
50 0 4 99 259
50 0 4 100 259
100 -350 1 1 260
100 0 2 2 260
50 -50 3 3 260
50 0 4 4 260
100 0 2 5 260
100 0 2 6 260
100 0 2 7 260
100 0 2 8 260
100 0 2 9 260
50 0 4 10 260
50 0 4 11 260
100 0 2 12 260
100 0 2 13 260
100 0 2 14 260
100 -1250 2 15 260
50 0 4 16 260
50 0 4 17 260
50 0 4 18 260
50 0 3 19 260
50 -250 4 20 260
50 0 3 21 260
50 0 3 22 260
100 0 1 23 260
100 -150 1 24 260
50 -50 3 25 260
100 -200 1 26 260
100 0 2 27 260
100 0 2 28 260
100 -1250 2 29 260
50 0 4 30 260
50 0 4 31 260
50 0 4 32 260
50 0 4 33 260
50 0 4 34 260
100 -300 1 35 260
50 0 3 36 260
50 0 4 37 260
50 -50 3 38 260
50 0 4 39 260
50 -250 4 40 260
50 -50 3 41 260
50 -50 3 42 260
100 0 1 43 260
100 -250 1 44 260
100 0 2 45 260
100 0 2 46 260
100 0 2 47 260
50 0 4 48 260
100 0 2 49 260
100 0 1 50 260
50 0 4 51 260
100 0 2 52 260
50 0 4 53 260
100 0 1 54 260
100 0 2 55 260
50 0 4 56 260
100 0 1 57 260
100 0 2 58 260
100 0 1 59 260
50 0 4 60 260
100 0 2 61 260
100 0 1 62 260
50 0 4 63 260
50 0 3 64 260
100 0 2 65 260
100 0 1 66 260
100 0 2 67 260
50 0 4 68 260
100 0 1 69 260
100 0 2 70 260
100 -300 1 71 260
50 0 4 72 260
50 0 3 73 260
100 0 2 74 260
50 -50 3 75 260
50 0 4 76 260
50 -50 3 77 260
50 0 4 78 260
100 0 2 79 260
100 0 2 80 260
50 0 3 81 260
100 -350 1 82 260
50 -50 3 83 260
100 -1250 2 84 260
50 0 4 85 260
50 0 4 86 260
50 -250 4 87 260
50 -50 3 88 260
100 -150 1 89 260
100 0 2 90 260
100 0 2 91 260
100 0 2 92 260
100 0 2 93 260
100 0 2 94 260
50 0 4 95 260
50 0 4 96 260
100 -200 1 97 260
100 0 2 98 260
50 0 3 99 260
50 -250 4 100 260
100 0 2 1 261
50 -50 3 2 261
100 -250 1 3 261
100 0 2 4 261
50 0 4 5 261
100 0 2 6 261
100 0 2 7 261
100 0 2 8 261
100 0 2 9 261
100 0 2 10 261
100 0 2 11 261
100 -1250 2 12 261
100 0 2 13 261
50 -50 3 14 261
50 0 4 15 261
50 0 4 16 261
100 0 2 17 261
100 -1250 2 18 261
100 0 1 19 261
100 0 1 20 261
100 -150 1 21 261
100 0 2 22 261
50 0 4 23 261
50 -50 3 24 261
100 0 2 25 261
100 0 2 26 261
100 0 1 27 261
100 -350 1 28 261
100 0 2 29 261
100 0 2 30 261
100 0 2 31 261
100 0 2 32 261
100 0 2 33 261
100 0 2 34 261
100 -1250 2 35 261
100 0 1 36 261
100 0 1 37 261
100 -300 1 38 261
100 0 2 39 261
100 0 2 40 261
100 0 2 41 261
100 0 2 42 261
50 -250 4 43 261
100 0 2 44 261
100 0 2 45 261
100 0 2 46 261
100 0 2 47 261
100 0 2 48 261
100 0 2 49 261
100 0 2 50 261
100 0 2 51 261
100 0 2 52 261
50 -50 3 53 261
100 -1250 2 54 261
50 0 3 55 261
50 0 3 56 261
50 -50 3 57 261
100 0 2 58 261
100 0 2 59 261
100 0 2 60 261
100 0 2 61 261
100 -200 1 62 261
100 0 2 63 261
100 -1250 2 64 261
50 0 3 65 261
100 0 2 66 261
100 0 2 67 261
100 0 2 68 261
100 0 2 69 261
100 0 2 70 261
100 0 2 71 261
100 0 2 72 261
50 0 4 73 261
100 0 2 74 261
100 0 2 75 261
100 0 2 76 261
50 0 4 77 261
100 0 2 78 261
100 0 2 79 261
100 0 2 80 261
100 -1250 2 81 261
50 0 4 82 261
50 0 4 83 261
100 0 2 84 261
100 0 2 85 261
100 0 2 86 261
100 0 2 87 261
50 0 4 88 261
100 -1250 2 89 261
50 0 4 90 261
100 0 2 91 261
100 0 2 92 261
100 0 2 93 261
100 0 2 94 261
100 0 2 95 261
100 0 2 96 261
100 0 2 97 261
100 0 2 98 261
100 0 2 99 261
100 0 2 100 261
100 -250 1 1 262
100 0 1 2 262
100 0 1 3 262
100 -300 1 4 262
100 -150 1 5 262
100 0 1 6 262
100 -350 1 7 262
100 0 1 8 262
100 0 1 9 262
100 -200 1 10 262
100 0 2 11 262
100 0 2 12 262
100 0 2 13 262
100 0 2 14 262
100 0 2 15 262
100 -1250 2 16 262
100 0 2 17 262
100 0 2 18 262
100 0 2 19 262
100 0 2 20 262
50 0 3 21 262
50 0 3 22 262
50 -50 3 23 262
50 0 3 24 262
50 -50 3 25 262
50 -50 3 26 262
50 0 3 27 262
50 -50 3 28 262
50 -50 3 29 262
50 0 3 30 262
50 0 4 31 262
50 0 4 32 262
50 -250 4 33 262
50 0 4 34 262
50 0 4 35 262
50 0 4 36 262
50 0 4 37 262
50 0 4 38 262
50 0 4 39 262
50 0 4 40 262
50 0 4 41 262
50 0 4 42 262
50 0 4 43 262
50 0 4 44 262
50 0 4 45 262
50 0 4 46 262
50 -250 4 47 262
50 0 4 48 262
50 0 4 49 262
50 0 4 50 262
50 0 4 51 262
50 0 4 52 262
50 0 4 53 262
50 0 4 54 262
50 0 4 55 262
50 -250 4 56 262
50 0 4 57 262
50 0 4 58 262
50 0 4 59 262
50 0 4 60 262
50 -50 3 61 262
50 -50 3 62 262
50 -50 3 63 262
50 0 3 64 262
50 0 3 65 262
50 -50 3 66 262
50 0 3 67 262
50 0 3 68 262
50 -50 3 69 262
50 0 3 70 262
50 -50 3 71 262
50 0 3 72 262
50 0 3 73 262
50 0 3 74 262
50 -50 3 75 262
50 0 3 76 262
50 -50 3 77 262
50 0 3 78 262
50 -50 3 79 262
50 -50 3 80 262
50 -50 3 81 262
50 0 3 82 262
50 0 3 83 262
50 0 3 84 262
50 0 3 85 262
50 -50 3 86 262
50 -50 3 87 262
50 -50 3 88 262
50 0 3 89 262
50 -50 3 90 262
50 -50 3 91 262
50 -50 3 92 262
50 0 3 93 262
50 0 3 94 262
50 -50 3 95 262
50 0 3 96 262
50 0 3 97 262
50 0 3 98 262
50 -50 3 99 262
50 -50 3 100 262
100 0 2 1 263
50 0 4 2 263
100 0 2 3 263
50 0 4 4 263
50 0 3 5 263
50 -50 3 6 263
100 0 2 7 263
50 0 4 8 263
100 0 2 9 263
100 0 2 10 263
50 0 4 11 263
50 0 4 12 263
100 0 1 13 263
100 0 1 14 263
100 -350 1 15 263
100 -1250 2 16 263
50 0 3 17 263
50 -50 3 18 263
100 0 2 19 263
50 0 4 20 263
100 0 2 21 263
50 -250 4 22 263
50 0 3 23 263
50 0 3 24 263
50 -50 3 25 263
100 -300 1 26 263
100 0 2 27 263
100 0 2 28 263
100 0 2 29 263
100 -1250 2 30 263
50 0 3 31 263
50 -50 3 32 263
50 0 4 33 263
50 0 4 34 263
100 -200 1 35 263
100 -150 1 36 263
50 0 4 37 263
50 0 4 38 263
50 -250 4 39 263
100 0 2 40 263
100 0 2 41 263
100 0 2 42 263
100 0 2 43 263
100 0 2 44 263
100 0 2 45 263
100 0 2 46 263
100 0 2 47 263
100 -1250 2 48 263
50 -50 3 49 263
50 0 4 50 263
50 0 4 51 263
50 0 4 52 263
50 0 4 53 263
50 0 4 54 263
100 0 2 55 263
100 0 2 56 263
50 0 4 57 263
100 0 2 58 263
50 0 4 59 263
100 0 2 60 263
50 0 4 61 263
100 0 2 62 263
50 -50 3 63 263
50 0 3 64 263
50 0 4 65 263
100 0 2 66 263
50 0 3 67 263
50 -50 3 68 263
50 0 4 69 263
100 0 2 70 263
50 0 4 71 263
50 -50 3 72 263
50 -250 4 73 263
100 0 2 74 263
100 0 2 75 263
100 0 2 76 263
100 0 2 77 263
50 0 3 78 263
50 0 3 79 263
100 -1250 2 80 263
50 0 3 81 263
50 0 4 82 263
50 0 4 83 263
50 -50 3 84 263
50 0 4 85 263
50 0 4 86 263
50 -50 3 87 263
50 0 4 88 263
50 -50 3 89 263
50 0 3 90 263
50 0 4 91 263
50 0 3 92 263
50 -50 3 93 263
50 -50 3 94 263
50 0 3 95 263
50 -50 3 96 263
50 -50 3 97 263
50 0 4 98 263
50 0 4 99 263
50 0 4 100 263
100 0 1 1 264
50 0 3 2 264
100 0 2 3 264
50 0 4 4 264
100 0 2 5 264
50 -50 3 6 264
100 0 1 7 264
100 -150 1 8 264
100 0 2 9 264
50 0 4 10 264
50 -50 3 11 264
100 0 2 12 264
100 -350 1 13 264
100 -300 1 14 264
100 0 2 15 264
50 0 4 16 264
50 0 3 17 264
100 -200 1 18 264
100 0 2 19 264
50 0 3 20 264
50 0 4 21 264
50 -50 3 22 264
100 -1250 2 23 264
50 0 4 24 264
50 0 3 25 264
100 0 2 26 264
100 0 1 27 264
100 0 1 28 264
100 0 2 29 264
50 -50 3 30 264
50 0 4 31 264
50 0 4 32 264
100 0 2 33 264
100 0 1 34 264
100 0 2 35 264
50 0 4 36 264
100 -250 1 37 264
100 0 2 38 264
50 -250 4 39 264
50 0 3 40 264
100 0 2 41 264
100 0 1 42 264
100 0 2 43 264
50 0 4 44 264
100 0 2 45 264
100 -200 1 46 264
50 -50 3 47 264
100 0 2 48 264
50 0 4 49 264
100 0 1 50 264
50 0 4 51 264
50 -50 3 52 264
50 0 4 53 264
50 0 4 54 264
100 0 2 55 264
100 -150 1 56 264
100 -1250 2 57 264
50 -50 3 58 264
50 0 4 59 264
50 0 4 60 264
100 0 2 61 264
100 0 1 62 264
100 0 2 63 264
100 0 1 64 264
50 0 4 65 264
100 0 2 66 264
100 -250 1 67 264
100 -1250 2 68 264
100 0 1 69 264
100 0 2 70 264
50 0 3 71 264
50 0 4 72 264
100 -300 1 73 264
100 0 2 74 264
100 -350 1 75 264
100 0 2 76 264
50 -50 3 77 264
50 0 4 78 264
50 0 3 79 264
50 -250 4 80 264
50 0 3 81 264
100 0 2 82 264
100 0 1 83 264
50 -50 3 84 264
100 0 2 85 264
50 0 4 86 264
100 0 1 87 264
50 0 4 88 264
100 0 2 89 264
50 0 4 90 264
100 0 1 91 264
50 0 3 92 264
50 -250 4 93 264
100 0 2 94 264
50 0 4 95 264
100 -150 1 96 264
100 0 2 97 264
50 0 4 98 264
50 0 3 99 264
50 0 4 100 264
100 0 1 1 265
100 -150 1 2 265
50 0 3 3 265
100 0 2 4 265
50 0 4 5 265
50 -50 3 6 265
100 0 2 7 265
100 -1250 2 8 265
100 0 1 9 265
100 -250 1 10 265
100 0 2 11 265
50 0 4 12 265
50 0 3 13 265
100 0 2 14 265
50 0 3 15 265
50 0 4 16 265
100 0 2 17 265
100 0 1 18 265
50 -50 3 19 265
100 0 2 20 265
100 -350 1 21 265
100 0 2 22 265
50 0 4 23 265
50 -50 3 24 265
100 0 2 25 265
100 0 2 26 265
100 0 2 27 265
100 0 2 28 265
100 0 2 29 265
100 0 2 30 265
100 0 2 31 265
100 0 2 32 265
100 -1250 2 33 265
100 0 1 34 265
100 -200 1 35 265
100 0 2 36 265
100 0 2 37 265
100 0 2 38 265
100 -1250 2 39 265
50 0 3 40 265
100 0 2 41 265
100 0 2 42 265
100 -300 1 43 265
100 0 2 44 265
100 0 2 45 265
100 0 2 46 265
100 0 2 47 265
50 0 4 48 265
50 -250 4 49 265
50 -50 3 50 265
100 0 2 51 265
50 0 3 52 265
100 0 2 53 265
100 0 2 54 265
100 0 2 55 265
100 0 1 56 265
50 0 4 57 265
50 -50 3 58 265
50 0 4 59 265
50 0 4 60 265
50 0 4 61 265
100 -1250 2 62 265
100 -250 1 63 265
100 0 2 64 265
100 0 2 65 265
100 0 2 66 265
100 0 2 67 265
50 -50 3 68 265
100 0 2 69 265
50 0 4 70 265
50 0 4 71 265
50 0 4 72 265
100 0 2 73 265
100 0 2 74 265
50 0 3 75 265
100 0 1 76 265
100 0 1 77 265
100 0 2 78 265
100 0 1 79 265
50 0 4 80 265
50 0 3 81 265
100 0 2 82 265
100 0 1 83 265
100 0 2 84 265
50 -50 3 85 265
50 0 4 86 265
50 0 4 87 265
50 0 4 88 265
100 0 2 89 265
100 -300 1 90 265
100 0 2 91 265
100 0 2 92 265
100 0 2 93 265
50 -50 3 94 265
50 0 4 95 265
50 0 4 96 265
50 -50 3 97 265
50 -250 4 98 265
50 0 3 99 265
100 -1250 2 100 265
50 0 3 1 266
100 -1250 2 2 266
100 -250 1 3 266
50 0 3 4 266
50 0 3 5 266
50 -50 3 6 266
50 0 4 7 266
50 0 4 8 266
50 0 4 9 266
50 0 4 10 266
50 0 4 11 266
100 0 2 12 266
100 0 2 13 266
100 0 2 14 266
100 0 2 15 266
100 0 2 16 266
100 0 2 17 266
100 -200 1 18 266
50 -50 3 19 266
100 0 2 20 266
100 0 2 21 266
100 0 2 22 266
100 0 2 23 266
50 0 4 24 266
100 -1250 2 25 266
100 0 2 26 266
100 0 2 27 266
100 0 2 28 266
50 -250 4 29 266
100 0 2 30 266
100 0 2 31 266
100 0 2 32 266
100 0 2 33 266
100 0 2 34 266
50 0 4 35 266
50 0 4 36 266
50 0 4 37 266
50 0 4 38 266
50 0 4 39 266
50 -250 4 40 266
100 0 2 41 266
100 0 2 42 266
100 -1250 2 43 266
100 0 2 44 266
100 0 2 45 266
100 0 2 46 266
100 0 2 47 266
100 0 2 48 266
50 0 4 49 266
50 0 4 50 266
50 0 4 51 266
50 0 4 52 266
50 0 4 53 266
50 0 4 54 266
50 0 4 55 266
50 0 4 56 266
100 0 2 57 266
100 0 2 58 266
100 0 2 59 266
100 0 2 60 266
100 0 2 61 266
50 0 4 62 266
50 0 4 63 266
50 0 4 64 266
50 0 4 65 266
50 0 4 66 266
50 0 4 67 266
50 -250 4 68 266
50 0 4 69 266
50 0 4 70 266
50 0 4 71 266
50 -250 4 72 266
50 0 4 73 266
50 0 4 74 266
50 0 4 75 266
50 0 4 76 266
100 0 2 77 266
100 0 2 78 266
100 0 2 79 266
100 0 2 80 266
100 -1250 2 81 266
100 0 2 82 266
100 0 2 83 266
100 0 2 84 266
100 0 2 85 266
100 0 2 86 266
100 0 2 87 266
50 0 4 88 266
50 0 4 89 266
50 0 4 90 266
50 0 4 91 266
50 0 4 92 266
50 0 4 93 266
100 0 2 94 266
100 0 2 95 266
100 0 2 96 266
100 0 2 97 266
100 -1250 2 98 266
100 0 2 99 266
100 0 2 100 266
50 0 3 1 267
50 0 4 2 267
100 0 2 3 267
100 0 1 4 267
50 -50 3 5 267
50 0 4 6 267
100 0 2 7 267
100 0 1 8 267
100 0 2 9 267
100 -350 1 10 267
100 0 2 11 267
50 0 3 12 267
50 -250 4 13 267
100 0 2 14 267
100 0 2 15 267
100 0 2 16 267
100 -1250 2 17 267
100 -250 1 18 267
50 -50 3 19 267
100 0 2 20 267
100 0 1 21 267
100 -150 1 22 267
100 0 1 23 267
100 -300 1 24 267
100 -200 1 25 267
50 -50 3 26 267
50 0 4 27 267
100 0 1 28 267
100 0 2 29 267
100 -200 1 30 267
50 -50 3 31 267
100 0 1 32 267
100 0 1 33 267
50 0 3 34 267
50 0 4 35 267
100 -150 1 36 267
100 0 1 37 267
50 0 3 38 267
100 -250 1 39 267
100 -1250 2 40 267
100 -350 1 41 267
100 0 1 42 267
50 -50 3 43 267
50 0 3 44 267
50 -50 3 45 267
100 0 1 46 267
50 0 4 47 267
50 0 3 48 267
100 -300 1 49 267
100 0 1 50 267
100 0 1 51 267
100 -250 1 52 267
100 -150 1 53 267
100 0 1 54 267
100 -300 1 55 267
50 -50 3 56 267
50 0 4 57 267
50 0 3 58 267
50 -50 3 59 267
50 0 4 60 267
50 0 4 61 267
50 0 4 62 267
50 0 4 63 267
50 0 4 64 267
50 -250 4 65 267
50 0 4 66 267
50 0 4 67 267
50 0 4 68 267
50 0 3 69 267
50 0 3 70 267
100 -350 1 71 267
50 -50 3 72 267
100 0 1 73 267
100 0 1 74 267
100 -200 1 75 267
100 0 1 76 267
100 -300 1 77 267
100 0 1 78 267
50 0 4 79 267
50 0 4 80 267
50 0 3 81 267
50 -50 3 82 267
50 0 4 83 267
100 -150 1 84 267
50 0 4 85 267
50 0 4 86 267
100 -200 1 87 267
50 0 3 88 267
100 -350 1 89 267
50 -50 3 90 267
100 0 1 91 267
50 0 4 92 267
50 -50 3 93 267
50 0 3 94 267
50 -50 3 95 267
100 0 1 96 267
50 0 4 97 267
50 0 3 98 267
50 0 3 99 267
50 -50 3 100 267
50 0 4 1 268
100 0 2 2 268
100 -200 1 3 268
100 0 1 4 268
50 0 3 5 268
100 0 2 6 268
100 0 2 7 268
100 0 2 8 268
50 -50 3 9 268
50 0 4 10 268
50 0 4 11 268
50 0 4 12 268
100 0 2 13 268
50 -250 4 14 268
50 0 3 15 268
50 -50 3 16 268
100 0 2 17 268
100 -250 1 18 268
100 0 2 19 268
100 0 2 20 268
100 0 2 21 268
50 -50 3 22 268
100 -1250 2 23 268
50 0 3 24 268
50 -50 3 25 268
50 0 4 26 268
50 0 4 27 268
50 0 4 28 268
100 0 1 29 268
100 -300 1 30 268
100 0 2 31 268
100 0 2 32 268
50 -50 3 33 268
100 0 2 34 268
50 0 4 35 268
100 0 2 36 268
100 0 2 37 268
100 0 1 38 268
50 0 4 39 268
50 0 4 40 268
50 0 3 41 268
100 0 2 42 268
100 -1250 2 43 268
100 0 2 44 268
100 0 2 45 268
100 0 2 46 268
100 0 2 47 268
100 0 2 48 268
100 0 2 49 268
100 -1250 2 50 268
100 0 2 51 268
100 0 2 52 268
100 0 2 53 268
100 0 2 54 268
100 0 2 55 268
50 0 3 56 268
50 -50 3 57 268
50 -50 3 58 268
50 -50 3 59 268
50 0 3 60 268
50 0 3 61 268
50 0 4 62 268
50 0 4 63 268
50 -250 4 64 268
50 0 4 65 268
50 0 4 66 268
100 0 2 67 268
100 0 2 68 268
100 0 2 69 268
50 0 3 70 268
100 -150 1 71 268
100 -350 1 72 268
100 0 1 73 268
100 0 1 74 268
100 -300 1 75 268
100 0 1 76 268
100 0 1 77 268
100 0 1 78 268
100 0 1 79 268
100 0 2 80 268
100 -350 1 81 268
100 0 1 82 268
100 -200 1 83 268
100 -150 1 84 268
100 -250 1 85 268
100 0 1 86 268
100 0 1 87 268
100 0 2 88 268
100 0 2 89 268
50 0 3 90 268
50 -50 3 91 268
50 -50 3 92 268
50 0 3 93 268
50 0 3 94 268
50 -50 3 95 268
50 -50 3 96 268
50 0 3 97 268
50 0 3 98 268
50 0 4 99 268
100 -1250 2 100 268
100 0 2 1 269
50 0 3 2 269
100 0 2 3 269
100 0 2 4 269
100 -250 1 5 269
100 0 2 6 269
100 0 2 7 269
50 0 4 8 269
100 0 2 9 269
100 0 2 10 269
100 -1250 2 11 269
50 0 3 12 269
50 -50 3 13 269
50 -50 3 14 269
50 -50 3 15 269
50 -50 3 16 269
50 0 4 17 269
50 0 4 18 269
50 -250 4 19 269
50 -50 3 20 269
100 0 2 21 269
100 0 2 22 269
50 0 3 23 269
50 0 3 24 269
50 0 3 25 269
50 -50 3 26 269
50 -50 3 27 269
50 0 3 28 269
50 0 3 29 269
50 -50 3 30 269
50 0 3 31 269
50 -50 3 32 269
50 0 3 33 269
50 0 3 34 269
50 -50 3 35 269
50 0 3 36 269
50 -50 3 37 269
50 0 3 38 269
50 0 3 39 269
50 -50 3 40 269
50 -50 3 41 269
50 0 3 42 269
50 0 3 43 269
50 -50 3 44 269
50 -50 3 45 269
50 0 3 46 269
50 -50 3 47 269
50 -50 3 48 269
50 0 3 49 269
50 0 3 50 269
50 0 3 51 269
50 -50 3 52 269
50 -50 3 53 269
50 -50 3 54 269
50 0 3 55 269
50 0 3 56 269
50 0 3 57 269
50 0 3 58 269
50 -50 3 59 269
50 0 3 60 269
50 -50 3 61 269
50 -50 3 62 269
50 -50 3 63 269
50 0 3 64 269
50 -50 3 65 269
50 0 3 66 269
50 -50 3 67 269
50 -50 3 68 269
50 0 3 69 269
50 0 3 70 269
50 0 3 71 269
50 -50 3 72 269
50 -50 3 73 269
50 -50 3 74 269
100 0 2 75 269
50 0 3 76 269
50 -50 3 77 269
50 -50 3 78 269
50 0 3 79 269
50 0 3 80 269
50 -50 3 81 269
50 -50 3 82 269
50 0 3 83 269
50 0 3 84 269
50 -50 3 85 269
50 0 3 86 269
50 -50 3 87 269
50 -50 3 88 269
50 0 3 89 269
50 -50 3 90 269
50 -50 3 91 269
50 0 3 92 269
50 0 3 93 269
50 0 3 94 269
50 0 3 95 269
50 -50 3 96 269
50 0 4 97 269
50 -50 3 98 269
50 -50 3 99 269
50 0 3 100 269
100 0 2 1 270
100 0 2 2 270
100 0 2 3 270
50 -50 3 4 270
50 -250 4 5 270
100 0 2 6 270
100 0 2 7 270
100 0 2 8 270
100 0 2 9 270
100 0 2 10 270
100 -300 1 11 270
100 -1250 2 12 270
100 0 2 13 270
100 -1250 2 14 270
100 0 2 15 270
50 -50 3 16 270
100 0 2 17 270
50 0 3 18 270
100 0 2 19 270
50 0 3 20 270
100 0 2 21 270
50 -50 3 22 270
100 0 2 23 270
100 0 2 24 270
100 0 2 25 270
100 0 2 26 270
100 0 2 27 270
100 0 2 28 270
100 0 2 29 270
100 0 2 30 270
100 0 2 31 270
100 0 2 32 270
100 0 2 33 270
100 0 2 34 270
100 0 2 35 270
100 -1250 2 36 270
100 0 2 37 270
100 0 2 38 270
100 0 2 39 270
100 0 2 40 270
100 0 2 41 270
100 0 2 42 270
100 0 2 43 270
100 0 2 44 270
100 0 2 45 270
100 -1250 2 46 270
100 0 2 47 270
100 0 2 48 270
100 0 2 49 270
100 0 2 50 270
100 0 2 51 270
100 0 2 52 270
100 -1250 2 53 270
100 0 2 54 270
100 0 2 55 270
100 0 2 56 270
100 0 2 57 270
100 0 2 58 270
100 0 2 59 270
100 -1250 2 60 270
100 0 2 61 270
100 0 2 62 270
100 0 2 63 270
100 0 2 64 270
100 0 2 65 270
50 0 3 66 270
100 0 2 67 270
100 0 2 68 270
100 -1250 2 69 270
50 0 3 70 270
50 -50 3 71 270
50 0 4 72 270
100 0 1 73 270
100 0 1 74 270
100 0 1 75 270
100 0 1 76 270
100 -250 1 77 270
100 0 2 78 270
100 0 2 79 270
100 0 1 80 270
100 0 2 81 270
100 -150 1 82 270
100 0 2 83 270
100 0 2 84 270
100 0 2 85 270
100 0 2 86 270
100 -200 1 87 270
100 0 2 88 270
100 0 2 89 270
50 0 3 90 270
100 -350 1 91 270
100 0 2 92 270
100 0 2 93 270
100 0 2 94 270
100 0 2 95 270
100 0 2 96 270
50 -50 3 97 270
100 -1250 2 98 270
100 0 2 99 270
100 0 2 100 270
100 0 1 1 271
100 0 2 2 271
50 -50 3 3 271
100 0 1 4 271
100 0 2 5 271
100 -350 1 6 271
50 0 4 7 271
100 0 2 8 271
50 0 3 9 271
100 0 1 10 271
100 0 2 11 271
50 0 4 12 271
50 -50 3 13 271
100 -200 1 14 271
100 0 2 15 271
50 0 4 16 271
100 0 2 17 271
50 0 3 18 271
100 0 1 19 271
100 -1250 2 20 271
50 0 3 21 271
50 0 4 22 271
100 -300 1 23 271
100 0 2 24 271
50 -50 3 25 271
50 -250 4 26 271
50 -50 3 27 271
100 0 1 28 271
100 0 2 29 271
100 -150 1 30 271
50 -50 3 31 271
50 0 4 32 271
100 0 2 33 271
100 -250 1 34 271
50 0 3 35 271
50 0 3 36 271
50 -50 3 37 271
100 -1250 2 38 271
100 0 2 39 271
100 0 2 40 271
100 0 2 41 271
100 0 2 42 271
100 0 2 43 271
100 0 2 44 271
100 0 2 45 271
100 0 2 46 271
100 0 2 47 271
100 -1250 2 48 271
100 0 2 49 271
100 0 2 50 271
100 0 2 51 271
100 0 2 52 271
100 0 2 53 271
50 0 4 54 271
100 -150 1 55 271
50 -50 3 56 271
100 0 2 57 271
100 0 1 58 271
100 0 1 59 271
100 0 1 60 271
100 -250 1 61 271
50 0 3 62 271
50 0 3 63 271
50 0 3 64 271
50 0 4 65 271
50 0 4 66 271
50 0 4 67 271
50 0 4 68 271
100 0 2 69 271
100 0 2 70 271
100 0 2 71 271
100 0 2 72 271
100 0 1 73 271
100 -200 1 74 271
50 -50 3 75 271
100 0 2 76 271
100 0 2 77 271
100 0 2 78 271
50 0 4 79 271
50 0 4 80 271
50 0 4 81 271
50 -250 4 82 271
50 -50 3 83 271
100 0 2 84 271
100 0 2 85 271
100 0 2 86 271
50 -50 3 87 271
100 0 2 88 271
100 0 2 89 271
100 -1250 2 90 271
100 -300 1 91 271
100 0 1 92 271
100 -350 1 93 271
50 0 4 94 271
50 0 4 95 271
50 0 4 96 271
50 0 4 97 271
50 0 4 98 271
100 0 2 99 271
100 0 2 100 271
