Inference for Bugs model at "ORL.txt", fit using jags,
 3 chains, each with 5000 iterations (first 1000 discarded)
 n.sims = 12000 iterations saved. Running time = secs
         mu.vect sd.vect    2.5%     25%     50%     75%   97.5%  Rhat n.eff
K          2.656   1.561   0.444   1.480   2.375   3.536   6.327 1.002  1300
a_pun      0.079   0.049   0.007   0.042   0.072   0.108   0.191 1.001  7000
a_rew      0.249   0.187   0.012   0.112   0.208   0.340   0.739 1.006   770
omega_f    0.075   0.864  -1.386  -0.483   0.001   0.542   1.954 1.003  3000
omega_p   -3.333   1.498  -6.751  -4.184  -3.147  -2.257  -0.971 1.002  1400
p[1,1]     0.250   0.000   0.250   0.250   0.250   0.250   0.250 1.000     1
p[2,1]     0.244   0.014   0.212   0.238   0.245   0.250   0.270 1.002  4500
p[3,1]     0.138   0.038   0.074   0.111   0.134   0.159   0.222 1.001 12000
p[4,1]     0.222   0.036   0.150   0.200   0.224   0.245   0.292 1.002  2900
p[5,1]     0.107   0.043   0.042   0.077   0.101   0.130   0.208 1.001 12000
p[6,1]     0.190   0.047   0.098   0.157   0.191   0.223   0.283 1.002  2800
p[7,1]     0.234   0.050   0.136   0.200   0.234   0.268   0.330 1.002  3000
p[8,1]     0.250   0.055   0.146   0.212   0.249   0.286   0.360 1.001  4900
p[9,1]     0.253   0.060   0.145   0.212   0.251   0.291   0.375 1.001  8600
p[10,1]    0.242   0.061   0.131   0.199   0.239   0.282   0.366 1.001  5500
p[11,1]    0.238   0.053   0.149   0.199   0.234   0.274   0.349 1.002  2000
p[12,1]    0.249   0.052   0.159   0.212   0.245   0.283   0.359 1.001  3500
p[13,1]    0.229   0.047   0.146   0.195   0.225   0.260   0.326 1.001  3600
p[14,1]    0.221   0.055   0.127   0.181   0.216   0.258   0.337 1.001  3800
p[15,1]    0.203   0.053   0.113   0.164   0.198   0.240   0.315 1.001  3400
p[16,1]    0.196   0.052   0.109   0.158   0.191   0.231   0.306 1.002  2900
p[17,1]    0.223   0.055   0.127   0.183   0.219   0.260   0.338 1.001  4200
p[18,1]    0.210   0.055   0.117   0.170   0.205   0.247   0.329 1.001  3800
p[19,1]    0.215   0.065   0.107   0.168   0.208   0.256   0.357 1.001  7700
p[20,1]    0.209   0.061   0.109   0.165   0.202   0.248   0.342 1.001  5800
p[21,1]    0.261   0.056   0.164   0.223   0.255   0.294   0.381 1.001 12000
p[22,1]    0.264   0.060   0.157   0.224   0.260   0.301   0.392 1.001 11000
p[23,1]    0.239   0.058   0.141   0.198   0.233   0.275   0.362 1.001  6300
p[24,1]    0.256   0.061   0.146   0.214   0.252   0.294   0.385 1.001  7100
p[25,1]    0.237   0.057   0.132   0.198   0.234   0.274   0.353 1.001  5800
p[26,1]    0.116   0.038   0.052   0.088   0.112   0.140   0.201 1.001 12000
p[27,1]    0.206   0.041   0.123   0.180   0.207   0.233   0.289 1.002  2900
p[28,1]    0.254   0.044   0.160   0.226   0.255   0.283   0.340 1.001  4400
p[29,1]    0.127   0.037   0.064   0.101   0.124   0.150   0.207 1.001  6200
p[30,1]    0.228   0.037   0.144   0.206   0.233   0.253   0.290 1.002  2400
p[31,1]    0.135   0.037   0.071   0.109   0.132   0.158   0.215 1.001  6400
p[32,1]    0.248   0.036   0.175   0.226   0.248   0.269   0.321 1.002  1600
p[33,1]    0.118   0.035   0.060   0.092   0.114   0.139   0.194 1.001  9000
p[34,1]    0.230   0.027   0.170   0.214   0.233   0.248   0.279 1.002  2000
p[35,1]    0.136   0.035   0.077   0.111   0.133   0.157   0.211 1.001  4700
p[36,1]    0.243   0.031   0.176   0.224   0.245   0.263   0.301 1.001  4200
p[37,1]    0.143   0.037   0.081   0.117   0.140   0.166   0.225 1.001  5400
p[38,1]    0.274   0.035   0.206   0.251   0.273   0.296   0.349 1.001  6700
p[39,1]    0.330   0.036   0.261   0.306   0.328   0.353   0.406 1.001  6400
p[40,1]    0.368   0.050   0.281   0.331   0.364   0.400   0.474 1.003  1100
p[41,1]    0.348   0.047   0.267   0.313   0.344   0.380   0.446 1.003   860
p[42,1]    0.352   0.045   0.272   0.321   0.349   0.380   0.445 1.002  1300
p[43,1]    0.131   0.044   0.064   0.100   0.125   0.156   0.235 1.001  6900
p[44,1]    0.244   0.046   0.161   0.213   0.242   0.275   0.337 1.002  1700
p[45,1]    0.288   0.045   0.207   0.256   0.285   0.318   0.382 1.002  2300
p[46,1]    0.308   0.051   0.220   0.271   0.304   0.342   0.415 1.002  2100
p[47,1]    0.300   0.051   0.210   0.263   0.296   0.333   0.406 1.002  3000
p[48,1]    0.282   0.049   0.196   0.247   0.279   0.314   0.386 1.002  3200
p[49,1]    0.343   0.053   0.243   0.303   0.342   0.382   0.441 1.002  1700
p[50,1]    0.379   0.072   0.249   0.324   0.376   0.431   0.520 1.002  1800
p[51,1]    0.173   0.054   0.085   0.133   0.167   0.209   0.289 1.002  2300
p[52,1]    0.322   0.061   0.210   0.275   0.321   0.367   0.436 1.002  1300
p[53,1]    0.356   0.065   0.238   0.306   0.355   0.404   0.480 1.002  1300
p[54,1]    0.359   0.059   0.249   0.314   0.358   0.404   0.464 1.002  1300
p[55,1]    0.381   0.067   0.255   0.332   0.381   0.429   0.506 1.002  1900
p[56,1]    0.174   0.051   0.087   0.136   0.170   0.208   0.283 1.002  2700
p[57,1]    0.293   0.049   0.195   0.258   0.297   0.333   0.370 1.002  1400
p[58,1]    0.167   0.045   0.089   0.135   0.165   0.196   0.261 1.002  3000
p[59,1]    0.314   0.041   0.225   0.289   0.319   0.343   0.381 1.002  2000
p[60,1]    0.364   0.040   0.272   0.341   0.369   0.393   0.432 1.001  3200
p[61,1]    0.382   0.050   0.279   0.349   0.387   0.418   0.469 1.002  1400
p[62,1]    0.395   0.052   0.288   0.361   0.398   0.430   0.491 1.002  1900
p[63,1]    0.372   0.047   0.273   0.341   0.376   0.405   0.457 1.002  1800
p[64,1]    0.384   0.061   0.267   0.341   0.386   0.428   0.497 1.002  1400
p[65,1]    0.145   0.053   0.064   0.106   0.137   0.175   0.271 1.001  6700
p[66,1]    0.258   0.050   0.164   0.224   0.257   0.291   0.359 1.001  3900
p[67,1]    0.313   0.057   0.205   0.271   0.312   0.354   0.422 1.002  2700
p[68,1]    0.325   0.061   0.214   0.281   0.322   0.365   0.450 1.001  4300
p[69,1]    0.145   0.042   0.074   0.115   0.141   0.172   0.235 1.001  4800
p[70,1]    0.253   0.040   0.166   0.226   0.257   0.283   0.318 1.002  3000
p[71,1]    0.125   0.043   0.055   0.093   0.120   0.151   0.223 1.001 12000
p[72,1]    0.241   0.039   0.161   0.215   0.243   0.268   0.309 1.001  4700
p[73,1]    0.286   0.034   0.213   0.265   0.287   0.309   0.348 1.001  6700
p[74,1]    0.332   0.049   0.237   0.297   0.331   0.366   0.430 1.002  2400
p[75,1]    0.323   0.052   0.231   0.287   0.320   0.357   0.433 1.001  4200
p[76,1]    0.120   0.047   0.048   0.086   0.113   0.147   0.229 1.001 12000
p[77,1]    0.216   0.051   0.124   0.179   0.214   0.250   0.319 1.001  4600
p[78,1]    0.282   0.061   0.173   0.237   0.278   0.321   0.412 1.002  3200
p[79,1]    0.275   0.056   0.175   0.235   0.271   0.311   0.394 1.001  6900
p[80,1]    0.291   0.063   0.181   0.246   0.287   0.332   0.425 1.001  4900
p[81,1]    0.108   0.050   0.035   0.071   0.099   0.135   0.227 1.001 12000
p[82,1]    0.219   0.057   0.111   0.178   0.218   0.260   0.331 1.001  4800
p[83,1]    0.140   0.045   0.063   0.106   0.136   0.169   0.237 1.001  3900
p[84,1]    0.271   0.051   0.164   0.238   0.277   0.309   0.355 1.002  2300
p[85,1]    0.344   0.058   0.227   0.304   0.347   0.383   0.453 1.002  1500
p[86,1]    0.336   0.058   0.223   0.295   0.337   0.376   0.445 1.002  1500
p[87,1]    0.335   0.050   0.230   0.301   0.339   0.372   0.424 1.002  1800
p[88,1]    0.322   0.056   0.214   0.283   0.322   0.362   0.431 1.002  1800
p[89,1]    0.325   0.052   0.222   0.290   0.326   0.361   0.424 1.002  1900
p[90,1]    0.311   0.049   0.211   0.278   0.313   0.345   0.404 1.002  1900
p[91,1]    0.342   0.068   0.212   0.293   0.342   0.389   0.474 1.002  2400
p[92,1]    0.129   0.057   0.046   0.087   0.120   0.161   0.263 1.001  7700
p[93,1]    0.231   0.068   0.112   0.181   0.226   0.278   0.370 1.002  2600
p[94,1]    0.270   0.062   0.158   0.225   0.267   0.311   0.394 1.001  3500
p[95,1]    0.297   0.071   0.172   0.246   0.292   0.344   0.446 1.001  4500
p[96,1]    0.288   0.065   0.173   0.242   0.284   0.330   0.426 1.001  5400
p[97,1]    0.134   0.045   0.060   0.101   0.129   0.161   0.233 1.001  4800
p[98,1]    0.113   0.044   0.044   0.080   0.107   0.139   0.212 1.001  9100
p[99,1]    0.206   0.046   0.115   0.174   0.207   0.237   0.294 1.001  4400
p[100,1]   0.264   0.050   0.163   0.230   0.265   0.297   0.359 1.001  6700
p[1,2]     0.250   0.000   0.250   0.250   0.250   0.250   0.250 1.000     1
p[2,2]     0.244   0.014   0.212   0.238   0.245   0.250   0.270 1.002  4500
p[3,2]     0.276   0.013   0.247   0.268   0.277   0.284   0.297 1.002  1400
p[4,2]     0.297   0.021   0.252   0.284   0.298   0.311   0.333 1.002  1800
p[5,2]     0.298   0.024   0.244   0.284   0.300   0.314   0.342 1.002  1300
p[6,2]     0.154   0.037   0.091   0.127   0.150   0.176   0.235 1.002  2900
p[7,2]     0.291   0.034   0.237   0.268   0.287   0.309   0.371 1.002  2000
p[8,2]     0.356   0.043   0.291   0.325   0.350   0.378   0.458 1.002  1400
p[9,2]     0.179   0.047   0.102   0.145   0.175   0.208   0.284 1.002  1700
p[10,2]    0.312   0.042   0.238   0.281   0.309   0.339   0.402 1.002  1700
p[11,2]    0.388   0.054   0.296   0.346   0.385   0.426   0.497 1.002  1200
p[12,2]    0.197   0.052   0.107   0.159   0.193   0.231   0.309 1.002  2000
p[13,2]    0.195   0.058   0.098   0.153   0.189   0.231   0.324 1.002  2700
p[14,2]    0.345   0.063   0.232   0.299   0.343   0.388   0.474 1.001  4600
p[15,2]    0.387   0.062   0.275   0.341   0.387   0.431   0.511 1.001  3900
p[16,2]    0.402   0.060   0.291   0.358   0.404   0.444   0.517 1.002  2900
p[17,2]    0.199   0.052   0.107   0.162   0.196   0.233   0.309 1.002  2900
p[18,2]    0.349   0.063   0.229   0.305   0.349   0.393   0.470 1.001  7000
p[19,2]    0.429   0.060   0.306   0.387   0.436   0.475   0.530 1.002  2000
p[20,2]    0.455   0.070   0.317   0.405   0.460   0.505   0.580 1.002  1800
p[21,2]    0.100   0.042   0.033   0.069   0.094   0.124   0.198 1.001 12000
p[22,2]    0.183   0.060   0.072   0.141   0.183   0.224   0.303 1.001 10000
p[23,2]    0.119   0.044   0.051   0.087   0.113   0.144   0.222 1.001  7500
p[24,2]    0.235   0.062   0.127   0.192   0.229   0.271   0.373 1.001 11000
p[25,2]    0.265   0.066   0.148   0.219   0.258   0.304   0.412 1.001 12000
p[26,2]    0.270   0.064   0.152   0.226   0.267   0.310   0.403 1.002 12000
p[27,2]    0.131   0.043   0.063   0.099   0.125   0.157   0.228 1.001  4900
p[28,2]    0.242   0.047   0.155   0.208   0.240   0.276   0.334 1.001  7100
p[29,2]    0.279   0.054   0.180   0.241   0.276   0.316   0.387 1.001  6400
p[30,2]    0.291   0.053   0.194   0.255   0.290   0.328   0.393 1.001  9300
p[31,2]    0.292   0.058   0.188   0.251   0.288   0.330   0.411 1.001  5400
p[32,2]    0.132   0.039   0.068   0.103   0.128   0.156   0.217 1.001  5000
p[33,2]    0.244   0.049   0.154   0.209   0.242   0.278   0.341 1.001  3300
p[34,2]    0.317   0.049   0.219   0.282   0.319   0.356   0.400 1.001  4500
p[35,2]    0.329   0.054   0.226   0.289   0.327   0.369   0.430 1.002  3100
p[36,2]    0.327   0.051   0.232   0.291   0.326   0.363   0.425 1.001  3400
p[37,2]    0.331   0.056   0.231   0.290   0.327   0.370   0.447 1.002  2400
p[38,2]    0.346   0.065   0.241   0.300   0.337   0.383   0.499 1.002  2200
p[39,2]    0.342   0.068   0.235   0.295   0.333   0.380   0.505 1.002  2400
p[40,2]    0.148   0.042   0.079   0.117   0.143   0.173   0.243 1.001  3700
p[41,2]    0.144   0.041   0.076   0.115   0.141   0.170   0.233 1.001  4400
p[42,2]    0.265   0.036   0.194   0.240   0.265   0.291   0.331 1.001 11000
p[43,2]    0.349   0.049   0.252   0.313   0.352   0.387   0.433 1.002  2700
p[44,2]    0.167   0.044   0.091   0.135   0.164   0.195   0.261 1.002  2800
p[45,2]    0.301   0.044   0.215   0.272   0.303   0.331   0.385 1.001  9500
p[46,2]    0.170   0.046   0.090   0.137   0.166   0.199   0.270 1.002  3000
p[47,2]    0.298   0.052   0.201   0.262   0.297   0.332   0.403 1.001 12000
p[48,2]    0.339   0.052   0.240   0.302   0.339   0.374   0.442 1.001 12000
p[49,2]    0.078   0.039   0.022   0.049   0.072   0.101   0.169 1.001  6000
p[50,2]    0.155   0.060   0.053   0.110   0.151   0.197   0.281 1.001  4700
p[51,2]    0.198   0.074   0.068   0.143   0.193   0.249   0.352 1.001  9400
p[52,2]    0.215   0.081   0.074   0.155   0.210   0.271   0.384 1.001  8300
p[53,2]    0.201   0.076   0.068   0.144   0.196   0.253   0.357 1.001  7900
p[54,2]    0.100   0.040   0.038   0.070   0.094   0.123   0.195 1.001 12000
p[55,2]    0.186   0.053   0.091   0.147   0.183   0.222   0.295 1.001 12000
p[56,2]    0.242   0.069   0.120   0.191   0.237   0.287   0.387 1.001 12000
p[57,2]    0.118   0.043   0.051   0.087   0.112   0.144   0.216 1.001  4900
p[58,2]    0.218   0.059   0.115   0.175   0.214   0.258   0.341 1.001  4700
p[59,2]    0.269   0.064   0.152   0.223   0.266   0.314   0.394 1.001  6000
p[60,2]    0.275   0.061   0.160   0.230   0.273   0.318   0.392 1.001  8500
p[61,2]    0.125   0.041   0.059   0.095   0.121   0.150   0.216 1.001  4500
p[62,2]    0.229   0.047   0.138   0.196   0.230   0.264   0.315 1.001  6800
p[63,2]    0.260   0.050   0.160   0.224   0.261   0.298   0.347 1.001  7000
p[64,2]    0.129   0.040   0.062   0.100   0.126   0.154   0.217 1.001  5500
p[65,2]    0.263   0.055   0.152   0.223   0.266   0.306   0.357 1.002  2700
p[66,2]    0.319   0.061   0.194   0.276   0.323   0.366   0.424 1.001  4100
p[67,2]    0.150   0.044   0.073   0.118   0.147   0.179   0.244 1.002  3100
p[68,2]    0.268   0.046   0.171   0.237   0.272   0.301   0.349 1.001  4400
p[69,2]    0.330   0.057   0.207   0.291   0.337   0.374   0.419 1.002  2400
p[70,2]    0.337   0.054   0.219   0.300   0.345   0.379   0.421 1.002  2400
p[71,2]    0.361   0.067   0.221   0.313   0.369   0.413   0.469 1.002  1800
p[72,2]    0.393   0.075   0.240   0.343   0.397   0.444   0.536 1.002  2000
p[73,2]    0.388   0.071   0.246   0.341   0.391   0.434   0.527 1.002  2300
p[74,2]    0.170   0.048   0.085   0.136   0.167   0.201   0.270 1.002  2400
p[75,2]    0.296   0.048   0.187   0.267   0.302   0.330   0.374 1.001  4500
p[76,2]    0.370   0.062   0.231   0.331   0.382   0.417   0.461 1.002  2300
p[77,2]    0.401   0.069   0.253   0.357   0.407   0.449   0.520 1.002  2300
p[78,2]    0.184   0.052   0.089   0.147   0.182   0.219   0.294 1.002  2100
p[79,2]    0.311   0.056   0.194   0.275   0.314   0.350   0.413 1.001  6800
p[80,2]    0.178   0.052   0.086   0.142   0.175   0.211   0.288 1.002  2900
p[81,2]    0.325   0.058   0.195   0.291   0.333   0.366   0.421 1.001  3300
p[82,2]    0.087   0.041   0.026   0.057   0.080   0.111   0.184 1.001 10000
p[83,2]    0.159   0.064   0.053   0.111   0.153   0.202   0.299 1.001  9000
p[84,2]    0.204   0.075   0.072   0.148   0.199   0.255   0.360 1.001  6700
p[85,2]    0.226   0.079   0.086   0.168   0.221   0.280   0.389 1.001  7300
p[86,2]    0.111   0.042   0.045   0.080   0.105   0.136   0.207 1.001  7800
p[87,2]    0.197   0.052   0.101   0.158   0.195   0.234   0.300 1.001 12000
p[88,2]    0.121   0.042   0.052   0.091   0.117   0.147   0.213 1.001  6000
p[89,2]    0.224   0.055   0.121   0.184   0.223   0.262   0.330 1.001 12000
p[90,2]    0.260   0.059   0.147   0.218   0.260   0.301   0.371 1.001 12000
p[91,2]    0.303   0.062   0.177   0.260   0.306   0.348   0.416 1.001  6700
p[92,2]    0.331   0.083   0.177   0.271   0.329   0.388   0.494 1.002  2600
p[93,2]    0.149   0.049   0.064   0.114   0.146   0.181   0.256 1.002  2300
p[94,2]    0.269   0.057   0.152   0.230   0.272   0.309   0.375 1.001  5700
p[95,2]    0.337   0.068   0.193   0.293   0.342   0.385   0.458 1.001  3600
p[96,2]    0.343   0.066   0.202   0.300   0.349   0.389   0.459 1.001  3600
p[97,2]    0.355   0.078   0.194   0.301   0.358   0.412   0.494 1.002  2000
p[98,2]    0.339   0.076   0.183   0.287   0.344   0.397   0.469 1.002  1800
p[99,2]    0.345   0.068   0.202   0.301   0.351   0.395   0.462 1.002  2500
p[100,2]   0.369   0.077   0.210   0.319   0.373   0.421   0.510 1.002  2200
p[1,3]     0.250   0.000   0.250   0.250   0.250   0.250   0.250 1.000     1
p[2,3]     0.269   0.042   0.191   0.249   0.264   0.287   0.365 1.002  5300
p[3,3]     0.311   0.037   0.246   0.287   0.307   0.332   0.393 1.001  5100
p[4,3]     0.335   0.037   0.270   0.309   0.332   0.358   0.417 1.001  6600
p[5,3]     0.338   0.032   0.279   0.317   0.337   0.359   0.402 1.001  4300
p[6,3]     0.346   0.038   0.283   0.320   0.343   0.369   0.429 1.001  6900
p[7,3]     0.133   0.033   0.075   0.110   0.130   0.154   0.204 1.002  1700
p[8,3]     0.246   0.032   0.172   0.228   0.249   0.267   0.300 1.003  1400
p[9,3]     0.296   0.035   0.216   0.276   0.298   0.319   0.358 1.003  1800
p[10,3]    0.134   0.032   0.080   0.112   0.132   0.154   0.203 1.002  2500
p[11,3]    0.254   0.029   0.201   0.233   0.252   0.273   0.312 1.001  4600
p[12,3]    0.324   0.038   0.257   0.298   0.322   0.349   0.406 1.001 12000
p[13,3]    0.320   0.032   0.262   0.298   0.318   0.340   0.386 1.001 12000
p[14,3]    0.316   0.030   0.261   0.295   0.314   0.335   0.377 1.001 12000
p[15,3]    0.294   0.025   0.245   0.277   0.293   0.310   0.345 1.001 12000
p[16,3]    0.285   0.024   0.236   0.270   0.286   0.300   0.331 1.001 12000
p[17,3]    0.329   0.040   0.258   0.303   0.327   0.353   0.414 1.001 12000
p[18,3]    0.310   0.039   0.237   0.285   0.309   0.334   0.392 1.001 12000
p[19,3]    0.112   0.030   0.061   0.090   0.109   0.130   0.176 1.002  2800
p[20,3]    0.203   0.030   0.141   0.182   0.203   0.224   0.258 1.003   960
p[21,3]    0.318   0.032   0.248   0.299   0.319   0.339   0.376 1.001  6600
p[22,3]    0.154   0.038   0.089   0.126   0.150   0.178   0.238 1.001  4400
p[23,3]    0.257   0.031   0.190   0.237   0.259   0.278   0.311 1.001  6000
p[24,3]    0.338   0.045   0.252   0.308   0.336   0.367   0.429 1.001 12000
p[25,3]    0.337   0.045   0.255   0.306   0.334   0.365   0.432 1.001 12000
p[26,3]    0.331   0.048   0.246   0.297   0.328   0.361   0.433 1.001  7200
p[27,3]    0.326   0.041   0.251   0.298   0.324   0.351   0.413 1.001  7700
p[28,3]    0.135   0.034   0.077   0.110   0.132   0.156   0.210 1.001  3800
p[29,3]    0.235   0.032   0.173   0.212   0.236   0.259   0.296 1.002  1900
p[30,3]    0.127   0.034   0.070   0.103   0.125   0.149   0.202 1.002  2700
p[31,3]    0.229   0.037   0.156   0.203   0.230   0.256   0.295 1.002  1500
p[32,3]    0.277   0.030   0.213   0.256   0.279   0.298   0.331 1.003  1200
p[33,3]    0.298   0.033   0.235   0.275   0.298   0.321   0.361 1.002  1900
p[34,3]    0.331   0.053   0.238   0.294   0.328   0.365   0.444 1.002  2100
p[35,3]    0.323   0.047   0.244   0.289   0.320   0.352   0.424 1.002  3100
p[36,3]    0.315   0.047   0.233   0.280   0.312   0.345   0.412 1.002  2600
p[37,3]    0.314   0.044   0.238   0.283   0.311   0.342   0.407 1.001  4300
p[38,3]    0.114   0.036   0.054   0.088   0.111   0.137   0.193 1.002  1400
p[39,3]    0.208   0.049   0.112   0.174   0.211   0.245   0.295 1.003   860
p[40,3]    0.258   0.044   0.171   0.227   0.261   0.291   0.338 1.003   840
p[41,3]    0.254   0.041   0.173   0.225   0.256   0.284   0.329 1.003   870
p[42,3]    0.111   0.032   0.059   0.087   0.107   0.130   0.184 1.002  2600
p[43,3]    0.219   0.035   0.162   0.192   0.216   0.244   0.291 1.002  1400
p[44,3]    0.275   0.036   0.211   0.248   0.273   0.299   0.349 1.002  1600
p[45,3]    0.289   0.045   0.217   0.256   0.284   0.318   0.385 1.002  2100
p[46,3]    0.297   0.040   0.227   0.268   0.294   0.323   0.382 1.002  3200
p[47,3]    0.285   0.042   0.213   0.255   0.282   0.313   0.375 1.002  3200
p[48,3]    0.267   0.039   0.199   0.240   0.264   0.293   0.351 1.001  3200
p[49,3]    0.324   0.040   0.248   0.296   0.323   0.351   0.406 1.001  4900
p[50,3]    0.126   0.038   0.063   0.099   0.122   0.150   0.210 1.002  1900
p[51,3]    0.244   0.042   0.157   0.216   0.246   0.274   0.323 1.003  1600
p[52,3]    0.303   0.055   0.191   0.266   0.305   0.341   0.411 1.002  1700
p[53,3]    0.296   0.053   0.189   0.260   0.297   0.332   0.398 1.002  1600
p[54,3]    0.286   0.048   0.191   0.253   0.287   0.319   0.376 1.003  1200
p[55,3]    0.112   0.036   0.054   0.085   0.107   0.134   0.193 1.002  1600
p[56,3]    0.217   0.044   0.134   0.186   0.218   0.249   0.303 1.003  1100
p[57,3]    0.242   0.044   0.162   0.211   0.242   0.274   0.328 1.003   870
p[58,3]    0.262   0.049   0.172   0.226   0.262   0.296   0.359 1.003  1100
p[59,3]    0.277   0.063   0.167   0.230   0.274   0.319   0.406 1.002  1300
p[60,3]    0.113   0.034   0.058   0.088   0.109   0.134   0.192 1.002  2900
p[61,3]    0.201   0.034   0.148   0.176   0.195   0.223   0.276 1.002  1200
p[62,3]    0.246   0.045   0.183   0.209   0.239   0.277   0.348 1.003  1100
p[63,3]    0.246   0.045   0.184   0.209   0.239   0.276   0.349 1.003  1200
p[64,3]    0.258   0.039   0.197   0.228   0.252   0.283   0.346 1.002  1600
p[65,3]    0.286   0.048   0.209   0.251   0.281   0.316   0.391 1.001  3700
p[66,3]    0.288   0.055   0.205   0.246   0.280   0.323   0.413 1.002  2700
p[67,3]    0.288   0.047   0.210   0.255   0.283   0.315   0.394 1.001  7700
p[68,3]    0.112   0.032   0.061   0.090   0.108   0.131   0.185 1.001  4300
p[69,3]    0.208   0.034   0.154   0.185   0.201   0.227   0.287 1.002  1900
p[70,3]    0.098   0.033   0.049   0.074   0.093   0.117   0.177 1.002  1700
p[71,3]    0.189   0.043   0.121   0.157   0.184   0.217   0.283 1.003  1100
p[72,3]    0.249   0.057   0.163   0.205   0.241   0.285   0.378 1.003  1000
p[73,3]    0.115   0.037   0.058   0.088   0.110   0.136   0.200 1.002  2300
p[74,3]    0.226   0.041   0.155   0.197   0.223   0.253   0.315 1.002  2200
p[75,3]    0.262   0.049   0.186   0.226   0.255   0.292   0.377 1.002  1600
p[76,3]    0.287   0.049   0.211   0.252   0.280   0.316   0.400 1.002  2500
p[77,3]    0.110   0.038   0.053   0.083   0.105   0.132   0.198 1.002  1500
p[78,3]    0.218   0.046   0.131   0.186   0.215   0.248   0.313 1.002  1300
p[79,3]    0.115   0.036   0.059   0.089   0.111   0.136   0.199 1.002  2500
p[80,3]    0.220   0.047   0.135   0.187   0.217   0.250   0.317 1.002  2300
p[81,3]    0.262   0.042   0.192   0.233   0.258   0.286   0.362 1.002  2300
p[82,3]    0.335   0.054   0.234   0.297   0.333   0.371   0.447 1.001 11000
p[83,3]    0.343   0.053   0.244   0.307   0.342   0.379   0.450 1.001 12000
p[84,3]    0.374   0.074   0.243   0.321   0.369   0.423   0.534 1.001 12000
p[85,3]    0.140   0.044   0.066   0.108   0.135   0.167   0.237 1.002  2300
p[86,3]    0.233   0.049   0.142   0.199   0.232   0.266   0.333 1.003  1100
p[87,3]    0.131   0.042   0.067   0.101   0.126   0.156   0.227 1.002  2800
p[88,3]    0.229   0.050   0.146   0.193   0.225   0.262   0.337 1.002  1700
p[89,3]    0.117   0.043   0.052   0.084   0.111   0.142   0.217 1.002  1500
p[90,3]    0.108   0.046   0.042   0.073   0.100   0.134   0.217 1.002  1500
p[91,3]    0.217   0.074   0.098   0.161   0.209   0.264   0.378 1.003  1200
p[92,3]    0.273   0.073   0.154   0.219   0.268   0.320   0.431 1.002  1300
p[93,3]    0.294   0.073   0.174   0.239   0.289   0.343   0.447 1.002  1500
p[94,3]    0.116   0.045   0.051   0.082   0.108   0.141   0.222 1.002  1400
p[95,3]    0.220   0.070   0.112   0.167   0.211   0.263   0.379 1.003  1200
p[96,3]    0.111   0.047   0.046   0.076   0.102   0.137   0.222 1.002  1400
p[97,3]    0.201   0.062   0.109   0.153   0.191   0.239   0.343 1.003  1100
p[98,3]    0.232   0.064   0.141   0.181   0.221   0.271   0.379 1.003  1100
p[99,3]    0.115   0.043   0.055   0.084   0.107   0.138   0.220 1.002  2300
p[100,3]   0.226   0.068   0.129   0.175   0.214   0.266   0.389 1.002  1600
p[1,4]     0.250   0.000   0.250   0.250   0.250   0.250   0.250 1.000     1
p[2,4]     0.244   0.014   0.212   0.238   0.245   0.250   0.270 1.002  4500
p[3,4]     0.276   0.013   0.247   0.268   0.277   0.284   0.297 1.002  1400
p[4,4]     0.146   0.034   0.088   0.122   0.143   0.167   0.218 1.002  2300
p[5,4]     0.256   0.024   0.210   0.240   0.256   0.272   0.303 1.001  9300
p[6,4]     0.310   0.025   0.260   0.293   0.310   0.327   0.359 1.001 12000
p[7,4]     0.342   0.035   0.284   0.318   0.339   0.364   0.418 1.001 10000
p[8,4]     0.149   0.034   0.089   0.125   0.146   0.170   0.222 1.002  2900
p[9,4]     0.272   0.026   0.221   0.255   0.272   0.289   0.322 1.001 12000
p[10,4]    0.313   0.027   0.259   0.296   0.313   0.330   0.365 1.002 11000
p[11,4]    0.120   0.032   0.066   0.098   0.117   0.140   0.191 1.001  9700
p[12,4]    0.230   0.024   0.175   0.215   0.233   0.247   0.269 1.002  2900
p[13,4]    0.256   0.025   0.198   0.242   0.260   0.273   0.296 1.002  2900
p[14,4]    0.118   0.028   0.069   0.097   0.115   0.136   0.179 1.001  6800
p[15,4]    0.115   0.030   0.065   0.093   0.112   0.134   0.180 1.001  4500
p[16,4]    0.117   0.033   0.061   0.093   0.113   0.137   0.191 1.001  4200
p[17,4]    0.249   0.044   0.162   0.219   0.248   0.276   0.341 1.001 12000
p[18,4]    0.130   0.035   0.071   0.106   0.127   0.152   0.206 1.002  3100
p[19,4]    0.244   0.034   0.177   0.221   0.245   0.267   0.310 1.001  9700
p[20,4]    0.133   0.036   0.071   0.107   0.129   0.155   0.215 1.001  3700
p[21,4]    0.322   0.055   0.222   0.283   0.321   0.358   0.432 1.001  8200
p[22,4]    0.399   0.068   0.281   0.349   0.396   0.445   0.536 1.001 12000
p[23,4]    0.385   0.051   0.290   0.350   0.384   0.419   0.488 1.001 12000
p[24,4]    0.171   0.043   0.097   0.140   0.168   0.198   0.265 1.001  3700
p[25,4]    0.162   0.048   0.084   0.127   0.156   0.190   0.268 1.001  3700
p[26,4]    0.284   0.050   0.191   0.248   0.281   0.316   0.389 1.001  3300
p[27,4]    0.337   0.053   0.240   0.300   0.334   0.372   0.448 1.002  2900
p[28,4]    0.369   0.061   0.253   0.326   0.367   0.408   0.495 1.002  2300
p[29,4]    0.358   0.053   0.258   0.323   0.356   0.392   0.469 1.002  2300
p[30,4]    0.354   0.054   0.247   0.318   0.353   0.389   0.463 1.002  2100
p[31,4]    0.344   0.047   0.252   0.314   0.343   0.374   0.441 1.002  2800
p[32,4]    0.344   0.048   0.256   0.313   0.341   0.371   0.450 1.001  3900
p[33,4]    0.340   0.044   0.258   0.312   0.339   0.366   0.435 1.002  2600
p[34,4]    0.121   0.037   0.058   0.095   0.118   0.144   0.206 1.001  6000
p[35,4]    0.213   0.039   0.131   0.186   0.216   0.241   0.278 1.002  1700
p[36,4]    0.115   0.032   0.062   0.092   0.112   0.135   0.186 1.002  2100
p[37,4]    0.212   0.035   0.137   0.187   0.215   0.239   0.268 1.003  1100
p[38,4]    0.266   0.037   0.193   0.238   0.269   0.294   0.329 1.003   870
p[39,4]    0.120   0.032   0.066   0.096   0.117   0.140   0.189 1.002  1700
p[40,4]    0.227   0.025   0.180   0.208   0.226   0.245   0.274 1.003  1200
p[41,4]    0.254   0.025   0.207   0.235   0.253   0.272   0.300 1.003  1000
p[42,4]    0.273   0.034   0.217   0.246   0.271   0.298   0.340 1.003   960
p[43,4]    0.301   0.036   0.237   0.275   0.298   0.324   0.377 1.002  1800
p[44,4]    0.314   0.038   0.249   0.287   0.310   0.337   0.400 1.001  3300
p[45,4]    0.122   0.030   0.071   0.100   0.119   0.141   0.188 1.002  2100
p[46,4]    0.225   0.027   0.170   0.207   0.226   0.245   0.274 1.002  1300
p[47,4]    0.117   0.031   0.064   0.095   0.114   0.136   0.186 1.002  2100
p[48,4]    0.112   0.034   0.055   0.087   0.108   0.133   0.190 1.002  2200
p[49,4]    0.255   0.047   0.168   0.222   0.253   0.285   0.354 1.001  3900
p[50,4]    0.340   0.054   0.244   0.302   0.337   0.374   0.454 1.001  5600
p[51,4]    0.385   0.054   0.287   0.347   0.382   0.420   0.498 1.001 12000
p[52,4]    0.160   0.040   0.091   0.132   0.157   0.185   0.247 1.002  2900
p[53,4]    0.147   0.043   0.077   0.116   0.142   0.173   0.246 1.002  3100
p[54,4]    0.256   0.048   0.174   0.221   0.253   0.287   0.357 1.002  2700
p[55,4]    0.322   0.057   0.219   0.281   0.320   0.359   0.439 1.002  1700
p[56,4]    0.367   0.055   0.266   0.329   0.365   0.403   0.481 1.001  3900
p[57,4]    0.347   0.046   0.266   0.315   0.342   0.374   0.448 1.001  3300
p[58,4]    0.353   0.044   0.270   0.323   0.351   0.381   0.442 1.001  5900
p[59,4]    0.140   0.035   0.080   0.115   0.138   0.162   0.218 1.002  2700
p[60,4]    0.248   0.041   0.173   0.218   0.248   0.278   0.327 1.003  1200
p[61,4]    0.292   0.035   0.229   0.267   0.291   0.316   0.362 1.003  1100
p[62,4]    0.130   0.036   0.070   0.103   0.126   0.152   0.212 1.002  2000
p[63,4]    0.122   0.039   0.060   0.092   0.117   0.145   0.212 1.002  2000
p[64,4]    0.229   0.049   0.144   0.193   0.226   0.262   0.328 1.002  1600
p[65,4]    0.306   0.049   0.218   0.269   0.305   0.339   0.404 1.002  1900
p[66,4]    0.135   0.041   0.069   0.105   0.130   0.160   0.229 1.002  1700
p[67,4]    0.249   0.051   0.161   0.212   0.246   0.283   0.357 1.002  2000
p[68,4]    0.295   0.057   0.202   0.252   0.291   0.333   0.417 1.002  1600
p[69,4]    0.318   0.050   0.236   0.280   0.313   0.351   0.424 1.002  1800
p[70,4]    0.312   0.051   0.235   0.273   0.305   0.345   0.424 1.002  1700
p[71,4]    0.325   0.045   0.253   0.292   0.321   0.354   0.422 1.002  2000
p[72,4]    0.117   0.035   0.057   0.092   0.114   0.140   0.194 1.001  5200
p[73,4]    0.211   0.042   0.132   0.181   0.208   0.241   0.294 1.003  1200
p[74,4]    0.272   0.035   0.206   0.248   0.272   0.297   0.340 1.002  1400
p[75,4]    0.118   0.031   0.067   0.096   0.115   0.137   0.189 1.002  2300
p[76,4]    0.223   0.030   0.175   0.200   0.218   0.243   0.285 1.002  1300
p[77,4]    0.273   0.039   0.218   0.243   0.265   0.299   0.363 1.003  1200
p[78,4]    0.316   0.036   0.252   0.291   0.314   0.340   0.394 1.001  3700
p[79,4]    0.299   0.040   0.236   0.269   0.293   0.324   0.391 1.002  2200
p[80,4]    0.311   0.035   0.248   0.287   0.309   0.333   0.384 1.001  4400
p[81,4]    0.304   0.041   0.238   0.274   0.300   0.330   0.397 1.002  2700
p[82,4]    0.359   0.038   0.283   0.336   0.358   0.379   0.443 1.002  2300
p[83,4]    0.358   0.038   0.281   0.333   0.358   0.382   0.432 1.001  7000
p[84,4]    0.151   0.038   0.084   0.124   0.148   0.175   0.231 1.002  2900
p[85,4]    0.291   0.045   0.198   0.262   0.294   0.323   0.371 1.002  4300
p[86,4]    0.320   0.031   0.252   0.301   0.324   0.343   0.371 1.002  1600
p[87,4]    0.337   0.047   0.243   0.305   0.339   0.370   0.425 1.002  1800
p[88,4]    0.327   0.036   0.253   0.303   0.329   0.352   0.392 1.002  1700
p[89,4]    0.335   0.047   0.246   0.301   0.335   0.367   0.425 1.002  2100
p[90,4]    0.321   0.047   0.235   0.288   0.321   0.354   0.413 1.002  2300
p[91,4]    0.138   0.039   0.072   0.110   0.135   0.163   0.225 1.002  3200
p[92,4]    0.267   0.037   0.194   0.241   0.268   0.293   0.335 1.001  3500
p[93,4]    0.325   0.028   0.264   0.308   0.328   0.345   0.375 1.001  4400
p[94,4]    0.346   0.049   0.259   0.310   0.344   0.379   0.445 1.002  2400
p[95,4]    0.146   0.039   0.081   0.118   0.143   0.171   0.229 1.002  2200
p[96,4]    0.258   0.047   0.166   0.224   0.259   0.292   0.347 1.002  1600
p[97,4]    0.311   0.039   0.237   0.283   0.312   0.338   0.387 1.002  1800
p[98,4]    0.316   0.034   0.252   0.292   0.317   0.340   0.382 1.002  2300
p[99,4]    0.334   0.051   0.246   0.296   0.333   0.368   0.438 1.002  1600
p[100,4]   0.141   0.039   0.075   0.113   0.138   0.167   0.227 1.002  1900
deviance 265.231   3.029 261.201 262.936 264.613 266.968 272.454 1.004   580

For each parameter, n.eff is a crude measure of effective sample size,
and Rhat is the potential scale reduction factor (at convergence, Rhat=1).

DIC info (using the rule: pV = var(deviance)/2)
pV = 4.6 and DIC = 269.8
DIC is an estimate of expected predictive error (lower deviance is better).
