Inference for Bugs model at "ORL.txt", fit using jags,
 2 chains, each with 5000 iterations (first 1000 discarded)
 n.sims = 8000 iterations saved. Running time = secs
         mu.vect sd.vect    2.5%     25%     50%     75%   97.5%  Rhat n.eff
K          0.576   0.878   0.057   0.196   0.339   0.593   2.958 1.023  1900
a_pun      0.118   0.084   0.006   0.047   0.107   0.174   0.308 1.001  3800
a_rew      0.487   0.299   0.044   0.208   0.474   0.764   0.974 1.001  4700
omega_f    0.804   1.016  -0.792   0.080   0.663   1.379   3.168 1.003   920
omega_p   -2.821   1.070  -5.243  -3.379  -2.727  -2.162  -0.981 1.010  2800
p[1,1]     0.250   0.000   0.250   0.250   0.250   0.250   0.250 1.000     1
p[2,1]     0.199   0.036   0.113   0.178   0.206   0.227   0.246 1.002  1700
p[3,1]     0.203   0.043   0.108   0.175   0.209   0.236   0.269 1.002  2000
p[4,1]     0.213   0.050   0.108   0.178   0.217   0.251   0.297 1.001  3600
p[5,1]     0.155   0.034   0.094   0.131   0.153   0.177   0.225 1.004   550
p[6,1]     0.215   0.029   0.164   0.194   0.213   0.234   0.277 1.004   460
p[7,1]     0.305   0.037   0.250   0.276   0.298   0.332   0.381 1.002  1500
p[8,1]     0.171   0.035   0.105   0.147   0.171   0.195   0.243 1.002  1300
p[9,1]     0.244   0.033   0.180   0.221   0.244   0.266   0.306 1.002  1800
p[10,1]    0.328   0.027   0.279   0.305   0.332   0.348   0.372 1.001  5200
p[11,1]    0.419   0.057   0.322   0.374   0.416   0.460   0.529 1.001  8000
p[12,1]    0.192   0.039   0.117   0.165   0.191   0.219   0.268 1.002  1100
p[13,1]    0.268   0.025   0.218   0.251   0.270   0.285   0.312 1.002  1200
p[14,1]    0.351   0.038   0.275   0.323   0.357   0.378   0.418 1.001  8000
p[15,1]    0.363   0.044   0.281   0.327   0.370   0.397   0.434 1.001  8000
p[16,1]    0.124   0.053   0.052   0.089   0.114   0.147   0.264 1.006   380
p[17,1]    0.173   0.051   0.091   0.138   0.166   0.199   0.299 1.005   580
p[18,1]    0.240   0.060   0.140   0.197   0.234   0.277   0.370 1.003  2400
p[19,1]    0.260   0.054   0.163   0.221   0.258   0.296   0.369 1.001  8000
p[20,1]    0.368   0.055   0.265   0.329   0.367   0.405   0.478 1.003  1200
p[21,1]    0.162   0.045   0.082   0.130   0.159   0.191   0.257 1.002  1100
p[22,1]    0.098   0.033   0.044   0.074   0.095   0.119   0.172 1.003   730
p[23,1]    0.185   0.035   0.119   0.162   0.184   0.208   0.257 1.002  2600
p[24,1]    0.214   0.039   0.141   0.187   0.213   0.239   0.293 1.001  8000
p[25,1]    0.290   0.035   0.220   0.267   0.290   0.314   0.357 1.001  8000
p[26,1]    0.154   0.044   0.079   0.123   0.152   0.183   0.247 1.004   560
p[27,1]    0.091   0.033   0.038   0.067   0.086   0.110   0.168 1.003   780
p[28,1]    0.198   0.055   0.106   0.159   0.191   0.229   0.326 1.004  1500
p[29,1]    0.272   0.061   0.158   0.227   0.271   0.316   0.389 1.003  8000
p[30,1]    0.306   0.066   0.182   0.257   0.304   0.354   0.430 1.002  8000
p[31,1]    0.309   0.053   0.198   0.273   0.312   0.347   0.404 1.004   710
p[32,1]    0.394   0.061   0.272   0.353   0.395   0.437   0.509 1.004   770
p[33,1]    0.382   0.064   0.255   0.337   0.382   0.425   0.508 1.002  1400
p[34,1]    0.411   0.084   0.250   0.352   0.410   0.470   0.573 1.002  1200
p[35,1]    0.489   0.094   0.306   0.423   0.489   0.555   0.669 1.007   690
p[36,1]    0.115   0.049   0.041   0.081   0.108   0.140   0.232 1.004   550
p[37,1]    0.198   0.058   0.103   0.157   0.192   0.234   0.331 1.003   740
p[38,1]    0.275   0.059   0.177   0.232   0.269   0.314   0.403 1.001  2500
p[39,1]    0.313   0.069   0.195   0.260   0.309   0.361   0.456 1.001  4500
p[40,1]    0.304   0.061   0.189   0.261   0.303   0.345   0.429 1.001  2800
p[41,1]    0.274   0.059   0.166   0.233   0.273   0.314   0.397 1.001  5700
p[42,1]    0.296   0.071   0.165   0.246   0.294   0.345   0.439 1.001  3400
p[43,1]    0.299   0.070   0.171   0.248   0.295   0.346   0.444 1.001  7100
p[44,1]    0.069   0.040   0.016   0.040   0.061   0.087   0.169 1.004   550
p[45,1]    0.108   0.044   0.039   0.076   0.104   0.136   0.207 1.004   510
p[46,1]    0.156   0.049   0.071   0.119   0.152   0.189   0.257 1.003   730
p[47,1]    0.226   0.065   0.113   0.178   0.223   0.273   0.354 1.002  2000
p[48,1]    0.321   0.064   0.199   0.273   0.322   0.367   0.441 1.001  2600
p[49,1]    0.344   0.072   0.212   0.291   0.344   0.396   0.479 1.002  2400
p[50,1]    0.332   0.072   0.201   0.279   0.332   0.386   0.467 1.002  1400
p[51,1]    0.365   0.082   0.220   0.305   0.360   0.420   0.534 1.002  1400
p[52,1]    0.133   0.045   0.054   0.099   0.131   0.164   0.222 1.004   520
p[53,1]    0.199   0.055   0.093   0.155   0.206   0.245   0.287 1.003   640
p[54,1]    0.243   0.061   0.125   0.195   0.250   0.295   0.336 1.002   960
p[55,1]    0.359   0.072   0.219   0.304   0.366   0.415   0.482 1.001  3900
p[56,1]    0.350   0.073   0.211   0.294   0.357   0.408   0.470 1.002  2000
p[57,1]    0.140   0.044   0.059   0.108   0.140   0.171   0.227 1.003   710
p[58,1]    0.204   0.050   0.105   0.166   0.211   0.242   0.288 1.003   910
p[59,1]    0.281   0.060   0.159   0.237   0.290   0.326   0.379 1.001  4600
p[60,1]    0.359   0.072   0.210   0.306   0.373   0.413   0.468 1.001  8000
p[61,1]    0.113   0.049   0.041   0.078   0.105   0.139   0.233 1.005   390
p[62,1]    0.176   0.055   0.086   0.137   0.171   0.209   0.302 1.004   540
p[63,1]    0.243   0.057   0.140   0.201   0.241   0.282   0.356 1.003   880
p[64,1]    0.285   0.060   0.169   0.242   0.286   0.329   0.398 1.002  1800
p[65,1]    0.346   0.063   0.209   0.303   0.363   0.397   0.431 1.001  8000
p[66,1]    0.115   0.066   0.033   0.069   0.099   0.141   0.295 1.006   390
p[67,1]    0.218   0.090   0.079   0.150   0.207   0.275   0.423 1.003   580
p[68,1]    0.249   0.095   0.094   0.173   0.242   0.317   0.444 1.003   870
p[69,1]    0.342   0.114   0.146   0.247   0.344   0.430   0.548 1.002  1300
p[70,1]    0.107   0.065   0.027   0.060   0.091   0.136   0.279 1.005   390
p[71,1]    0.146   0.073   0.045   0.092   0.131   0.185   0.329 1.004   480
p[72,1]    0.225   0.099   0.074   0.147   0.213   0.291   0.442 1.003   880
p[73,1]    0.252   0.068   0.135   0.203   0.247   0.295   0.402 1.001  8000
p[74,1]    0.234   0.062   0.130   0.189   0.229   0.273   0.373 1.001  8000
p[75,1]    0.227   0.059   0.128   0.184   0.221   0.263   0.359 1.001  8000
p[76,1]    0.244   0.063   0.138   0.199   0.239   0.284   0.384 1.001  8000
p[77,1]    0.283   0.080   0.147   0.225   0.277   0.334   0.454 1.001  8000
p[78,1]    0.120   0.046   0.040   0.085   0.119   0.153   0.213 1.004   560
p[79,1]    0.172   0.057   0.066   0.127   0.174   0.215   0.279 1.003   660
p[80,1]    0.193   0.059   0.080   0.147   0.197   0.238   0.297 1.002  1000
p[81,1]    0.238   0.067   0.104   0.189   0.248   0.291   0.347 1.002  2200
p[82,1]    0.360   0.086   0.190   0.298   0.366   0.424   0.514 1.001  3600
p[83,1]    0.342   0.086   0.177   0.278   0.347   0.407   0.494 1.002  1700
p[84,1]    0.373   0.094   0.198   0.305   0.373   0.441   0.551 1.002  1700
p[85,1]    0.087   0.053   0.023   0.050   0.074   0.110   0.227 1.006   330
p[86,1]    0.138   0.066   0.046   0.090   0.125   0.173   0.307 1.005   440
p[87,1]    0.161   0.068   0.058   0.111   0.151   0.203   0.319 1.003   640
p[88,1]    0.189   0.067   0.079   0.140   0.182   0.232   0.336 1.002   950
p[89,1]    0.258   0.078   0.122   0.200   0.254   0.309   0.418 1.002  1100
p[90,1]    0.318   0.088   0.160   0.255   0.316   0.379   0.498 1.002  2300
p[91,1]    0.304   0.082   0.156   0.246   0.300   0.358   0.472 1.002  2300
p[92,1]    0.344   0.096   0.172   0.274   0.340   0.410   0.546 1.002  4700
p[93,1]    0.064   0.033   0.018   0.040   0.058   0.081   0.147 1.004   550
p[94,1]    0.118   0.044   0.048   0.087   0.113   0.144   0.219 1.002  1000
p[95,1]    0.136   0.047   0.058   0.103   0.131   0.164   0.241 1.002  2000
p[96,1]    0.171   0.050   0.084   0.136   0.167   0.202   0.282 1.001  3900
p[97,1]    0.200   0.053   0.105   0.162   0.196   0.233   0.314 1.001  8000
p[98,1]    0.116   0.053   0.031   0.072   0.112   0.155   0.224 1.003   610
p[99,1]    0.169   0.073   0.050   0.108   0.164   0.229   0.305 1.003   770
p[100,1]   0.087   0.052   0.020   0.049   0.076   0.112   0.219 1.005   400
p[1,2]     0.250   0.000   0.250   0.250   0.250   0.250   0.250 1.000     1
p[2,2]     0.403   0.107   0.263   0.320   0.381   0.465   0.660 1.002  1100
p[3,2]     0.396   0.071   0.290   0.339   0.387   0.444   0.556 1.002  2400
p[4,2]     0.405   0.053   0.314   0.363   0.403   0.443   0.511 1.001  5300
p[5,2]     0.403   0.039   0.330   0.376   0.403   0.430   0.481 1.001  2900
p[6,2]     0.425   0.047   0.334   0.393   0.425   0.457   0.518 1.001  4100
p[7,2]     0.187   0.037   0.117   0.162   0.187   0.212   0.261 1.002  1700
p[8,2]     0.259   0.030   0.200   0.238   0.261   0.279   0.315 1.002  1300
p[9,2]     0.323   0.033   0.256   0.299   0.326   0.347   0.380 1.001  8000
p[10,2]    0.400   0.037   0.328   0.374   0.401   0.427   0.471 1.001  8000
p[11,2]    0.186   0.037   0.116   0.161   0.186   0.211   0.262 1.002  1200
p[12,2]    0.292   0.034   0.222   0.266   0.300   0.318   0.346 1.002  1400
p[13,2]    0.357   0.025   0.298   0.342   0.363   0.375   0.395 1.001  8000
p[14,2]    0.189   0.038   0.118   0.163   0.188   0.214   0.265 1.001  3100
p[15,2]    0.178   0.044   0.102   0.148   0.175   0.206   0.272 1.001  8000
p[16,2]    0.284   0.045   0.196   0.254   0.284   0.315   0.373 1.002  8000
p[17,2]    0.352   0.049   0.259   0.319   0.351   0.383   0.454 1.003   720
p[18,2]    0.192   0.045   0.113   0.160   0.189   0.220   0.288 1.001  4200
p[19,2]    0.259   0.052   0.161   0.223   0.257   0.294   0.368 1.003  1200
p[20,2]    0.388   0.036   0.326   0.362   0.385   0.411   0.465 1.003   590
p[21,2]    0.492   0.051   0.390   0.458   0.493   0.527   0.589 1.008   250
p[22,2]    0.510   0.050   0.404   0.478   0.513   0.546   0.601 1.005   510
p[23,2]    0.227   0.046   0.141   0.195   0.226   0.257   0.321 1.001  4400
p[24,2]    0.214   0.052   0.124   0.178   0.211   0.247   0.326 1.001  8000
p[25,2]    0.358   0.053   0.259   0.321   0.357   0.394   0.466 1.001  7300
p[26,2]    0.443   0.054   0.344   0.405   0.440   0.477   0.557 1.004   440
p[27,2]    0.472   0.049   0.365   0.441   0.475   0.506   0.561 1.003  1100
p[28,2]    0.073   0.053   0.007   0.029   0.059   0.110   0.190 1.001  3500
p[29,2]    0.115   0.080   0.012   0.047   0.093   0.175   0.287 1.003  1200
p[30,2]    0.136   0.091   0.017   0.061   0.115   0.205   0.331 1.004   810
p[31,2]    0.135   0.049   0.059   0.099   0.129   0.164   0.252 1.002  1000
p[32,2]    0.230   0.055   0.137   0.191   0.225   0.263   0.351 1.003   730
p[33,2]    0.180   0.048   0.099   0.146   0.176   0.210   0.284 1.003   660
p[34,2]    0.273   0.052   0.176   0.235   0.270   0.309   0.378 1.002  1800
p[35,2]    0.057   0.047   0.006   0.021   0.041   0.083   0.173 1.001  4000
p[36,2]    0.116   0.084   0.012   0.047   0.093   0.174   0.308 1.002  1100
p[37,2]    0.168   0.105   0.021   0.081   0.146   0.244   0.389 1.004   620
p[38,2]    0.215   0.137   0.028   0.103   0.183   0.317   0.509 1.005   520
p[39,2]    0.222   0.134   0.033   0.113   0.194   0.320   0.504 1.005   520
p[40,2]    0.159   0.058   0.063   0.116   0.154   0.196   0.286 1.003   590
p[41,2]    0.181   0.057   0.082   0.139   0.177   0.219   0.303 1.003   710
p[42,2]    0.266   0.064   0.144   0.221   0.265   0.312   0.386 1.002   970
p[43,2]    0.192   0.053   0.098   0.154   0.188   0.226   0.304 1.002  1200
p[44,2]    0.293   0.055   0.182   0.257   0.293   0.329   0.403 1.003   700
p[45,2]    0.312   0.052   0.201   0.279   0.312   0.347   0.409 1.002  2000
p[46,2]    0.362   0.053   0.254   0.328   0.363   0.396   0.470 1.001  8000
p[47,2]    0.172   0.041   0.098   0.144   0.170   0.199   0.259 1.001  6500
p[48,2]    0.304   0.036   0.235   0.282   0.305   0.326   0.376 1.001  8000
p[49,2]    0.202   0.048   0.117   0.168   0.199   0.232   0.303 1.001  8000
p[50,2]    0.190   0.054   0.100   0.151   0.185   0.224   0.308 1.001  8000
p[51,2]    0.287   0.061   0.181   0.241   0.282   0.327   0.417 1.002  1200
p[52,2]    0.399   0.054   0.322   0.358   0.388   0.433   0.519 1.004   490
p[53,2]    0.477   0.066   0.367   0.430   0.468   0.520   0.621 1.005   390
p[54,2]    0.504   0.076   0.379   0.450   0.494   0.550   0.677 1.004   560
p[55,2]    0.210   0.048   0.126   0.177   0.206   0.240   0.312 1.001  8000
p[56,2]    0.191   0.053   0.103   0.153   0.185   0.224   0.305 1.001  8000
p[57,2]    0.295   0.042   0.224   0.264   0.290   0.321   0.390 1.002  2400
p[58,2]    0.374   0.054   0.300   0.333   0.361   0.406   0.503 1.004   550
p[59,2]    0.195   0.048   0.113   0.160   0.189   0.224   0.302 1.001  8000
p[60,2]    0.305   0.050   0.236   0.267   0.294   0.337   0.418 1.002  2000
p[61,2]    0.418   0.042   0.339   0.391   0.414   0.443   0.507 1.007   300
p[62,2]    0.223   0.048   0.137   0.190   0.220   0.254   0.323 1.001  8000
p[63,2]    0.352   0.049   0.265   0.318   0.348   0.383   0.460 1.002   980
p[64,2]    0.230   0.056   0.130   0.191   0.226   0.267   0.348 1.001  8000
p[65,2]    0.075   0.066   0.005   0.022   0.053   0.116   0.232 1.002  1600
p[66,2]    0.119   0.093   0.009   0.042   0.091   0.184   0.329 1.003   870
p[67,2]    0.190   0.129   0.018   0.078   0.161   0.292   0.452 1.005   500
p[68,2]    0.195   0.132   0.019   0.082   0.166   0.299   0.465 1.006   480
p[69,2]    0.254   0.172   0.026   0.107   0.212   0.388   0.611 1.006   460
p[70,2]    0.299   0.179   0.027   0.146   0.280   0.440   0.651 1.009   350
p[71,2]    0.293   0.179   0.028   0.141   0.271   0.432   0.654 1.008   400
p[72,2]    0.344   0.194   0.042   0.179   0.326   0.497   0.716 1.008   380
p[73,2]    0.185   0.056   0.089   0.144   0.180   0.220   0.304 1.003   910
p[74,2]    0.200   0.054   0.104   0.161   0.196   0.235   0.316 1.002   950
p[75,2]    0.199   0.053   0.107   0.161   0.195   0.232   0.313 1.002  1800
p[76,2]    0.292   0.053   0.189   0.255   0.292   0.327   0.397 1.001  8000
p[77,2]    0.410   0.064   0.282   0.367   0.411   0.455   0.532 1.001  3500
p[78,2]    0.471   0.059   0.358   0.433   0.469   0.508   0.596 1.003   810
p[79,2]    0.506   0.067   0.377   0.461   0.503   0.545   0.654 1.002  1300
p[80,2]    0.471   0.066   0.355   0.427   0.466   0.509   0.620 1.001  3600
p[81,2]    0.514   0.079   0.374   0.460   0.508   0.563   0.687 1.001  3400
p[82,2]    0.191   0.040   0.119   0.163   0.189   0.217   0.275 1.002  1900
p[83,2]    0.179   0.044   0.102   0.149   0.176   0.208   0.271 1.001  8000
p[84,2]    0.270   0.048   0.183   0.237   0.269   0.302   0.370 1.001  5400
p[85,2]    0.402   0.034   0.323   0.384   0.404   0.423   0.463 1.001  2400
p[86,2]    0.222   0.046   0.139   0.189   0.219   0.252   0.317 1.001  8000
p[87,2]    0.209   0.052   0.120   0.172   0.205   0.242   0.320 1.001  8000
p[88,2]    0.305   0.059   0.200   0.263   0.302   0.344   0.430 1.002  2000
p[89,2]    0.470   0.065   0.352   0.424   0.467   0.513   0.604 1.004   420
p[90,2]    0.257   0.056   0.156   0.217   0.255   0.294   0.375 1.001  8000
p[91,2]    0.338   0.058   0.235   0.297   0.334   0.376   0.458 1.002  1200
p[92,2]    0.414   0.065   0.290   0.371   0.412   0.457   0.548 1.002  1200
p[93,2]    0.562   0.056   0.442   0.528   0.567   0.602   0.660 1.008   330
p[94,2]    0.287   0.055   0.183   0.250   0.287   0.323   0.399 1.001  8000
p[95,2]    0.264   0.062   0.155   0.220   0.260   0.303   0.396 1.001  8000
p[96,2]    0.407   0.059   0.292   0.367   0.406   0.446   0.526 1.001  3500
p[97,2]    0.273   0.062   0.163   0.228   0.270   0.313   0.405 1.001  8000
p[98,2]    0.350   0.053   0.261   0.312   0.345   0.383   0.466 1.002  1200
p[99,2]    0.437   0.063   0.331   0.392   0.431   0.475   0.574 1.004   520
p[100,2]   0.476   0.056   0.367   0.438   0.475   0.514   0.586 1.004   500
p[1,3]     0.250   0.000   0.250   0.250   0.250   0.250   0.250 1.000     1
p[2,3]     0.199   0.036   0.113   0.178   0.206   0.227   0.246 1.002  1700
p[3,3]     0.198   0.033   0.130   0.176   0.199   0.220   0.260 1.002  2200
p[4,3]     0.232   0.015   0.198   0.224   0.234   0.242   0.257 1.002  1000
p[5,3]     0.254   0.024   0.213   0.235   0.255   0.273   0.297 1.004   580
p[6,3]     0.132   0.032   0.074   0.110   0.131   0.154   0.199 1.001  8000
p[7,3]     0.211   0.026   0.165   0.190   0.213   0.231   0.259 1.002  1100
p[8,3]     0.256   0.027   0.212   0.234   0.255   0.275   0.308 1.005   400
p[9,3]     0.104   0.035   0.048   0.076   0.100   0.129   0.177 1.001  4400
p[10,3]    0.159   0.046   0.093   0.117   0.154   0.202   0.237 1.002  1600
p[11,3]    0.218   0.055   0.143   0.166   0.209   0.269   0.315 1.003   680
p[12,3]    0.273   0.064   0.174   0.219   0.263   0.324   0.400 1.004   500
p[13,3]    0.098   0.034   0.049   0.072   0.091   0.121   0.173 1.001  8000
p[14,3]    0.145   0.039   0.095   0.112   0.133   0.177   0.222 1.001  2800
p[15,3]    0.162   0.041   0.110   0.128   0.149   0.194   0.248 1.002  1600
p[16,3]    0.216   0.048   0.145   0.178   0.207   0.252   0.315 1.007   360
p[17,3]    0.102   0.025   0.060   0.084   0.099   0.117   0.156 1.001  8000
p[18,3]    0.161   0.031   0.106   0.139   0.159   0.180   0.228 1.002  3200
p[19,3]    0.105   0.027   0.058   0.086   0.103   0.122   0.164 1.001  8000
p[20,3]    0.178   0.027   0.132   0.158   0.174   0.196   0.237 1.002  2100
p[21,3]    0.244   0.026   0.207   0.225   0.238   0.258   0.306 1.001  3000
p[22,3]    0.265   0.023   0.229   0.250   0.262   0.278   0.321 1.001  7400
p[23,3]    0.392   0.060   0.283   0.350   0.389   0.431   0.519 1.002  1100
p[24,3]    0.375   0.056   0.272   0.336   0.372   0.410   0.495 1.001  6000
p[25,3]    0.104   0.026   0.060   0.085   0.101   0.119   0.162 1.001  4200
p[26,3]    0.147   0.028   0.106   0.127   0.142   0.163   0.213 1.001  8000
p[27,3]    0.174   0.031   0.119   0.152   0.172   0.192   0.245 1.001  8000
p[28,3]    0.310   0.056   0.204   0.271   0.307   0.346   0.421 1.001  4300
p[29,3]    0.160   0.047   0.088   0.126   0.153   0.186   0.272 1.002  1200
p[30,3]    0.130   0.039   0.067   0.101   0.125   0.152   0.220 1.001  8000
p[31,3]    0.173   0.050   0.091   0.138   0.169   0.205   0.284 1.002  2000
p[32,3]    0.259   0.057   0.163   0.216   0.255   0.296   0.380 1.003   670
p[33,3]    0.279   0.061   0.182   0.232   0.272   0.319   0.412 1.004   540
p[34,3]    0.106   0.035   0.055   0.081   0.100   0.126   0.190 1.001  8000
p[35,3]    0.169   0.053   0.081   0.130   0.163   0.202   0.283 1.001  4200
p[36,3]    0.300   0.055   0.211   0.260   0.292   0.332   0.425 1.002  2200
p[37,3]    0.424   0.080   0.276   0.368   0.421   0.477   0.590 1.002  1000
p[38,3]    0.177   0.045   0.099   0.145   0.174   0.204   0.273 1.001  8000
p[39,3]    0.245   0.051   0.150   0.210   0.244   0.279   0.348 1.001  8000
p[40,3]    0.271   0.058   0.183   0.229   0.261   0.305   0.405 1.002   940
p[41,3]    0.264   0.058   0.184   0.222   0.250   0.297   0.405 1.002  1100
p[42,3]    0.104   0.035   0.056   0.080   0.097   0.121   0.191 1.001  8000
p[43,3]    0.148   0.041   0.092   0.120   0.139   0.167   0.251 1.001  8000
p[44,3]    0.204   0.052   0.144   0.165   0.186   0.233   0.333 1.002  1400
p[45,3]    0.202   0.057   0.137   0.159   0.181   0.236   0.340 1.002  1100
p[46,3]    0.099   0.030   0.054   0.078   0.094   0.114   0.173 1.001  8000
p[47,3]    0.162   0.040   0.102   0.136   0.156   0.181   0.262 1.001  8000
p[48,3]    0.251   0.051   0.199   0.215   0.232   0.274   0.383 1.002   980
p[49,3]    0.282   0.056   0.216   0.243   0.264   0.306   0.429 1.003   860
p[50,3]    0.279   0.052   0.217   0.245   0.262   0.298   0.419 1.002  1200
p[51,3]    0.104   0.028   0.059   0.084   0.100   0.119   0.170 1.001  6400
p[52,3]    0.166   0.026   0.131   0.150   0.161   0.175   0.237 1.002  2200
p[53,3]    0.218   0.030   0.183   0.201   0.209   0.222   0.308 1.001  8000
p[54,3]    0.106   0.029   0.061   0.086   0.102   0.121   0.175 1.001  3000
p[55,3]    0.193   0.035   0.151   0.170   0.184   0.207   0.284 1.001  6800
p[56,3]    0.215   0.036   0.172   0.190   0.205   0.228   0.317 1.001  2500
p[57,3]    0.271   0.033   0.224   0.250   0.265   0.283   0.359 1.002  1600
p[58,3]    0.107   0.026   0.065   0.089   0.104   0.122   0.167 1.002  2200
p[59,3]    0.168   0.030   0.124   0.149   0.163   0.181   0.245 1.001  8000
p[60,3]    0.233   0.033   0.201   0.211   0.221   0.241   0.329 1.002  2200
p[61,3]    0.302   0.038   0.225   0.279   0.302   0.324   0.382 1.012   360
p[62,3]    0.367   0.060   0.255   0.327   0.365   0.404   0.495 1.007   450
p[63,3]    0.106   0.031   0.057   0.085   0.102   0.123   0.178 1.001  8000
p[64,3]    0.153   0.035   0.100   0.129   0.147   0.169   0.239 1.001  2900
p[65,3]    0.198   0.044   0.128   0.168   0.193   0.223   0.299 1.001  8000
p[66,3]    0.275   0.040   0.207   0.247   0.272   0.300   0.362 1.003   730
p[67,3]    0.414   0.078   0.271   0.358   0.411   0.466   0.574 1.004   660
p[68,3]    0.391   0.073   0.257   0.339   0.388   0.439   0.542 1.002  2100
p[69,3]    0.125   0.033   0.067   0.102   0.123   0.146   0.195 1.002  1500
p[70,3]    0.201   0.043   0.115   0.170   0.204   0.234   0.275 1.002   970
p[71,3]    0.125   0.036   0.063   0.100   0.122   0.147   0.202 1.002  1800
p[72,3]    0.221   0.062   0.108   0.176   0.219   0.264   0.342 1.001  5900
p[73,3]    0.276   0.054   0.187   0.237   0.269   0.308   0.398 1.003   600
p[74,3]    0.265   0.052   0.186   0.229   0.256   0.293   0.392 1.003   750
p[75,3]    0.261   0.050   0.188   0.228   0.250   0.285   0.387 1.002  1200
p[76,3]    0.109   0.027   0.064   0.090   0.106   0.125   0.169 1.003   920
p[77,3]    0.176   0.030   0.123   0.156   0.173   0.193   0.243 1.001  3000
p[78,3]    0.221   0.027   0.187   0.204   0.214   0.229   0.298 1.001  8000
p[79,3]    0.090   0.030   0.046   0.069   0.084   0.105   0.163 1.001  8000
p[80,3]    0.096   0.029   0.051   0.076   0.092   0.112   0.165 1.001  8000
p[81,3]    0.147   0.037   0.092   0.121   0.141   0.166   0.237 1.001  5700
p[82,3]    0.253   0.053   0.188   0.212   0.239   0.284   0.384 1.003   640
p[83,3]    0.259   0.049   0.199   0.223   0.244   0.283   0.385 1.003   650
p[84,3]    0.088   0.033   0.041   0.064   0.082   0.105   0.167 1.001  8000
p[85,3]    0.146   0.033   0.099   0.123   0.139   0.161   0.231 1.001  8000
p[86,3]    0.206   0.045   0.144   0.174   0.197   0.229   0.317 1.002  1400
p[87,3]    0.220   0.046   0.157   0.187   0.210   0.242   0.336 1.002  1100
p[88,3]    0.083   0.026   0.044   0.065   0.078   0.095   0.150 1.001  8000
p[89,3]    0.146   0.035   0.102   0.124   0.138   0.160   0.240 1.001  7400
p[90,3]    0.215   0.053   0.145   0.177   0.203   0.241   0.348 1.003   800
p[91,3]    0.115   0.027   0.070   0.096   0.112   0.130   0.177 1.001  6000
p[92,3]    0.162   0.034   0.105   0.139   0.158   0.181   0.239 1.003  1400
p[93,3]    0.239   0.026   0.199   0.222   0.235   0.252   0.298 1.002  2000
p[94,3]    0.369   0.058   0.266   0.328   0.366   0.406   0.488 1.002  3100
p[95,3]    0.364   0.057   0.261   0.323   0.360   0.400   0.487 1.001  8000
p[96,3]    0.138   0.031   0.083   0.116   0.135   0.158   0.204 1.003   640
p[97,3]    0.209   0.038   0.145   0.183   0.205   0.232   0.293 1.002  1100
p[98,3]    0.235   0.029   0.186   0.216   0.234   0.253   0.297 1.001  8000
p[99,3]    0.092   0.025   0.053   0.075   0.089   0.105   0.150 1.001  8000
p[100,3]   0.125   0.029   0.076   0.106   0.123   0.142   0.190 1.002  2300
p[1,4]     0.250   0.000   0.250   0.250   0.250   0.250   0.250 1.000     1
p[2,4]     0.199   0.036   0.113   0.178   0.206   0.227   0.246 1.002  1700
p[3,4]     0.203   0.043   0.108   0.175   0.209   0.236   0.269 1.002  2000
p[4,4]     0.150   0.027   0.096   0.132   0.150   0.169   0.203 1.001  6100
p[5,4]     0.187   0.018   0.154   0.174   0.186   0.200   0.225 1.001  8000
p[6,4]     0.228   0.023   0.190   0.210   0.226   0.243   0.278 1.002  1400
p[7,4]     0.297   0.035   0.234   0.272   0.295   0.320   0.370 1.003   810
p[8,4]     0.315   0.045   0.233   0.283   0.313   0.343   0.407 1.001  2600
p[9,4]     0.330   0.054   0.233   0.291   0.327   0.364   0.444 1.001  8000
p[10,4]    0.113   0.025   0.068   0.095   0.111   0.129   0.164 1.002  1100
p[11,4]    0.177   0.017   0.147   0.166   0.176   0.187   0.214 1.003   580
p[12,4]    0.244   0.022   0.202   0.229   0.244   0.259   0.287 1.001  7400
p[13,4]    0.277   0.028   0.227   0.257   0.275   0.293   0.339 1.001  7600
p[14,4]    0.316   0.040   0.240   0.288   0.315   0.342   0.397 1.001  8000
p[15,4]    0.297   0.039   0.222   0.270   0.297   0.324   0.377 1.001  6400
p[16,4]    0.375   0.074   0.241   0.324   0.372   0.421   0.534 1.007  1000
p[17,4]    0.373   0.080   0.231   0.317   0.370   0.427   0.537 1.006  1600
p[18,4]    0.407   0.089   0.254   0.342   0.402   0.468   0.592 1.004  3500
p[19,4]    0.376   0.089   0.229   0.308   0.367   0.435   0.571 1.002  8000
p[20,4]    0.066   0.033   0.021   0.042   0.060   0.082   0.151 1.005   330
p[21,4]    0.102   0.037   0.044   0.075   0.097   0.123   0.189 1.004   420
p[22,4]    0.126   0.028   0.074   0.108   0.125   0.144   0.188 1.002  1200
p[23,4]    0.196   0.030   0.137   0.176   0.196   0.215   0.256 1.001  8000
p[24,4]    0.197   0.029   0.136   0.178   0.198   0.216   0.254 1.001  8000
p[25,4]    0.248   0.044   0.165   0.218   0.247   0.278   0.336 1.001  8000
p[26,4]    0.256   0.056   0.157   0.216   0.253   0.293   0.376 1.001  8000
p[27,4]    0.263   0.059   0.160   0.221   0.259   0.301   0.388 1.004  5300
p[28,4]    0.420   0.096   0.258   0.347   0.415   0.485   0.618 1.003  2800
p[29,4]    0.454   0.110   0.261   0.371   0.450   0.530   0.673 1.002  3700
p[30,4]    0.428   0.113   0.228   0.350   0.420   0.504   0.664 1.001  8000
p[31,4]    0.382   0.100   0.222   0.308   0.369   0.446   0.607 1.003  8000
p[32,4]    0.118   0.039   0.049   0.089   0.116   0.144   0.197 1.003   590
p[33,4]    0.159   0.045   0.078   0.125   0.160   0.191   0.245 1.003   730
p[34,4]    0.210   0.048   0.117   0.175   0.214   0.246   0.296 1.001  2600
p[35,4]    0.285   0.078   0.154   0.224   0.281   0.342   0.444 1.002  2200
p[36,4]    0.469   0.115   0.258   0.377   0.477   0.557   0.669 1.001  8000
p[37,4]    0.210   0.078   0.074   0.148   0.211   0.266   0.360 1.002  1900
p[38,4]    0.333   0.108   0.139   0.242   0.341   0.418   0.521 1.001  4100
p[39,4]    0.220   0.081   0.077   0.156   0.222   0.278   0.377 1.001  2600
p[40,4]    0.265   0.053   0.159   0.228   0.270   0.303   0.361 1.001  8000
p[41,4]    0.280   0.048   0.180   0.249   0.286   0.314   0.364 1.001  8000
p[42,4]    0.334   0.051   0.232   0.300   0.336   0.367   0.433 1.002  1500
p[43,4]    0.362   0.055   0.254   0.324   0.363   0.399   0.468 1.002  2400
p[44,4]    0.434   0.078   0.281   0.379   0.438   0.490   0.580 1.009   380
p[45,4]    0.377   0.066   0.254   0.330   0.377   0.424   0.507 1.005   660
p[46,4]    0.384   0.077   0.250   0.327   0.380   0.436   0.542 1.004   880
p[47,4]    0.439   0.094   0.274   0.369   0.435   0.504   0.629 1.002  1400
p[48,4]    0.124   0.028   0.073   0.104   0.123   0.142   0.182 1.001  8000
p[49,4]    0.173   0.025   0.126   0.157   0.172   0.188   0.224 1.001  8000
p[50,4]    0.199   0.028   0.148   0.180   0.197   0.216   0.257 1.001  4300
p[51,4]    0.244   0.028   0.194   0.225   0.243   0.262   0.304 1.003   580
p[52,4]    0.303   0.040   0.225   0.275   0.302   0.329   0.385 1.001  4300
p[53,4]    0.106   0.025   0.059   0.088   0.105   0.122   0.158 1.002  1500
p[54,4]    0.147   0.024   0.101   0.133   0.147   0.161   0.198 1.001  2400
p[55,4]    0.238   0.021   0.204   0.222   0.235   0.251   0.285 1.003   580
p[56,4]    0.244   0.020   0.209   0.230   0.242   0.256   0.287 1.003   610
p[57,4]    0.294   0.035   0.224   0.270   0.294   0.318   0.364 1.001  3900
p[58,4]    0.315   0.048   0.226   0.282   0.313   0.347   0.415 1.001  8000
p[59,4]    0.356   0.061   0.244   0.312   0.354   0.397   0.484 1.001  5400
p[60,4]    0.103   0.023   0.063   0.087   0.103   0.118   0.151 1.002   990
p[61,4]    0.167   0.022   0.114   0.155   0.171   0.182   0.205 1.003   810
p[62,4]    0.233   0.024   0.179   0.220   0.235   0.249   0.277 1.001  8000
p[63,4]    0.299   0.035   0.232   0.276   0.299   0.322   0.367 1.001  3500
p[64,4]    0.331   0.042   0.251   0.303   0.331   0.359   0.415 1.001  4800
p[65,4]    0.380   0.053   0.269   0.345   0.383   0.415   0.479 1.001  8000
p[66,4]    0.491   0.106   0.284   0.412   0.495   0.568   0.684 1.002  2700
p[67,4]    0.178   0.059   0.071   0.136   0.178   0.218   0.296 1.001  2600
p[68,4]    0.165   0.055   0.066   0.125   0.162   0.201   0.283 1.001  6100
p[69,4]    0.280   0.078   0.126   0.223   0.284   0.337   0.422 1.001  8000
p[70,4]    0.393   0.119   0.169   0.300   0.401   0.485   0.602 1.001  8000
p[71,4]    0.436   0.131   0.194   0.334   0.441   0.535   0.672 1.001  8000
p[72,4]    0.210   0.082   0.067   0.146   0.209   0.268   0.373 1.002  2400
p[73,4]    0.287   0.044   0.195   0.259   0.290   0.318   0.368 1.001  3400
p[74,4]    0.301   0.038   0.217   0.278   0.303   0.326   0.369 1.002  1500
p[75,4]    0.314   0.037   0.232   0.291   0.316   0.338   0.382 1.002  1500
p[76,4]    0.355   0.045   0.269   0.325   0.354   0.384   0.447 1.003   600
p[77,4]    0.131   0.030   0.076   0.110   0.129   0.149   0.195 1.001  6900
p[78,4]    0.188   0.027   0.140   0.170   0.185   0.204   0.247 1.001  8000
p[79,4]    0.233   0.032   0.182   0.212   0.228   0.251   0.307 1.002  1200
p[80,4]    0.240   0.033   0.191   0.216   0.234   0.260   0.318 1.003   670
p[81,4]    0.100   0.029   0.052   0.079   0.097   0.118   0.167 1.001  8000
p[82,4]    0.196   0.029   0.144   0.174   0.196   0.217   0.253 1.002  1300
p[83,4]    0.220   0.030   0.167   0.198   0.219   0.240   0.281 1.003   660
p[84,4]    0.269   0.038   0.206   0.240   0.265   0.293   0.350 1.005   330
p[85,4]    0.365   0.052   0.254   0.333   0.368   0.400   0.460 1.015   240
p[86,4]    0.434   0.070   0.292   0.388   0.436   0.481   0.566 1.010   320
p[87,4]    0.410   0.064   0.289   0.365   0.410   0.454   0.537 1.006   710
p[88,4]    0.423   0.077   0.283   0.366   0.420   0.476   0.581 1.003  1700
p[89,4]    0.126   0.028   0.074   0.106   0.125   0.144   0.184 1.002  1600
p[90,4]    0.210   0.025   0.162   0.194   0.209   0.225   0.261 1.001  8000
p[91,4]    0.243   0.026   0.194   0.225   0.242   0.260   0.296 1.002   970
p[92,4]    0.080   0.029   0.032   0.059   0.076   0.097   0.145 1.003   910
p[93,4]    0.135   0.027   0.085   0.117   0.134   0.153   0.189 1.001  4600
p[94,4]    0.225   0.029   0.169   0.205   0.225   0.245   0.283 1.004   690
p[95,4]    0.237   0.029   0.179   0.216   0.237   0.257   0.293 1.004   600
p[96,4]    0.284   0.041   0.206   0.256   0.283   0.311   0.365 1.003   790
p[97,4]    0.317   0.049   0.225   0.284   0.317   0.350   0.416 1.003   780
p[98,4]    0.298   0.065   0.179   0.251   0.296   0.343   0.431 1.002  1400
p[99,4]    0.302   0.071   0.178   0.250   0.298   0.349   0.448 1.001  3600
p[100,4]   0.312   0.076   0.168   0.259   0.310   0.362   0.470 1.010   700
deviance 256.875   3.779 251.072 254.316 256.124 258.859 266.034 1.009   290

For each parameter, n.eff is a crude measure of effective sample size,
and Rhat is the potential scale reduction factor (at convergence, Rhat=1).

DIC info (using the rule: pV = var(deviance)/2)
pV = 7.1 and DIC = 264.0
DIC is an estimate of expected predictive error (lower deviance is better).
