"gain" "loss" "deck" "trial" "subjID"
50 0 3 1 136
100 -250 1 2 136
50 0 4 3 136
100 -250 1 4 136
100 0 2 5 136
50 -50 3 6 136
50 0 4 7 136
100 0 2 8 136
50 0 3 9 136
50 -250 4 10 136
100 0 2 11 136
100 0 2 12 136
50 0 4 13 136
50 0 4 14 136
50 0 4 15 136
100 0 2 16 136
50 0 4 17 136
50 -50 3 18 136
50 0 4 19 136
100 -1250 2 20 136
50 0 3 21 136
100 0 2 22 136
50 0 4 23 136
50 0 4 24 136
100 0 1 25 136
100 0 2 26 136
50 0 3 27 136
100 0 1 28 136
50 0 3 29 136
100 0 1 30 136
100 0 2 31 136
100 -250 1 32 136
50 -250 4 33 136
100 0 1 34 136
50 0 4 35 136
100 0 1 36 136
50 -50 3 37 136
50 0 4 38 136
100 0 2 39 136
100 0 2 40 136
50 0 3 41 136
100 -250 1 42 136
100 0 2 43 136
50 0 4 44 136
100 0 2 45 136
50 0 4 46 136
50 0 4 47 136
100 -1250 2 48 136
50 -50 3 49 136
100 0 1 50 136
50 0 4 51 136
50 0 4 52 136
100 0 2 53 136
50 -50 3 54 136
100 0 1 55 136
100 0 2 56 136
100 0 1 57 136
50 0 4 58 136
50 0 3 59 136
100 0 2 60 136
50 0 4 61 136
50 0 4 62 136
100 0 2 63 136
100 -250 1 64 136
50 0 4 65 136
100 0 2 66 136
50 0 3 67 136
100 0 1 68 136
50 -50 3 69 136
100 -250 1 70 136
50 -250 4 71 136
50 0 3 72 136
100 0 2 73 136
50 0 4 74 136
100 -250 1 75 136
50 -50 3 76 136
100 0 2 77 136
50 0 3 78 136
100 0 2 79 136
100 -250 1 80 136
100 -1250 2 81 136
100 0 1 82 136
50 0 4 83 136
50 -50 3 84 136
100 0 2 85 136
50 0 3 86 136
100 0 2 87 136
50 -50 3 88 136
50 -50 3 89 136
50 0 4 90 136
100 -250 1 91 136
100 0 2 92 136
50 -50 3 93 136
50 0 4 94 136
50 -50 3 95 136
100 0 1 96 136
100 -250 1 97 136
50 0 3 98 136
50 0 4 99 136
50 0 4 100 136
50 0 4 1 139
50 0 4 2 139
50 -250 4 3 139
50 0 4 4 139
100 -250 1 5 139
100 -250 1 6 139
100 0 2 7 139
50 0 4 8 139
100 0 2 9 139
100 0 2 10 139
100 0 2 11 139
100 0 2 12 139
50 0 4 13 139
50 0 4 14 139
100 0 2 15 139
50 0 4 16 139
50 0 4 17 139
50 0 4 18 139
50 -250 4 19 139
50 0 3 20 139
50 -50 3 21 139
100 0 1 22 139
100 0 1 23 139
100 0 1 24 139
100 -250 1 25 139
50 0 3 26 139
100 -1250 2 27 139
100 -250 1 28 139
100 0 1 29 139
100 0 1 30 139
100 -250 1 31 139
50 -50 3 32 139
100 0 2 33 139
50 -50 3 34 139
50 0 4 35 139
100 0 2 36 139
100 0 2 37 139
50 0 4 38 139
100 0 2 39 139
50 0 4 40 139
100 0 1 41 139
100 0 2 42 139
50 0 3 43 139
100 0 2 44 139
100 0 2 45 139
100 0 1 46 139
100 0 2 47 139
50 0 3 48 139
100 0 1 49 139
100 -1250 2 50 139
100 0 2 51 139
100 0 2 52 139
100 0 2 53 139
100 0 2 54 139
100 -250 1 55 139
100 0 2 56 139
100 0 2 57 139
50 0 4 58 139
50 0 4 59 139
50 0 4 60 139
100 0 2 61 139
50 0 4 62 139
50 0 4 63 139
100 0 2 64 139
100 -1250 2 65 139
100 0 2 66 139
100 0 2 67 139
100 0 2 68 139
100 0 2 69 139
100 0 1 70 139
100 -250 1 71 139
50 0 4 72 139
50 0 4 73 139
50 0 4 74 139
50 0 4 75 139
50 -250 4 76 139
100 0 2 77 139
100 0 2 78 139
100 0 2 79 139
50 0 4 80 139
100 -250 1 81 139
100 0 2 82 139
100 0 2 83 139
50 0 4 84 139
50 0 4 85 139
50 0 4 86 139
50 0 4 87 139
50 0 4 88 139
50 0 4 89 139
50 0 4 90 139
50 0 4 91 139
50 -250 4 92 139
100 0 2 93 139
100 0 2 94 139
100 0 2 95 139
50 0 4 96 139
50 0 4 97 139
50 0 4 98 139
50 0 4 99 139
50 0 4 100 139
100 0 2 1 140
50 0 3 2 140
50 0 4 3 140
100 -250 1 4 140
100 0 2 5 140
100 -250 1 6 140
100 -250 1 7 140
100 0 2 8 140
100 0 2 9 140
100 0 2 10 140
100 0 2 11 140
50 -50 3 12 140
50 0 4 13 140
100 -1250 2 14 140
100 0 1 15 140
100 0 1 16 140
100 0 1 17 140
100 -250 1 18 140
100 0 2 19 140
50 0 3 20 140
50 -50 3 21 140
50 -50 3 22 140
50 0 3 23 140
50 0 3 24 140
50 -250 4 25 140
100 0 1 26 140
100 0 2 27 140
50 0 3 28 140
50 0 4 29 140
100 0 2 30 140
100 0 2 31 140
100 0 2 32 140
100 0 2 33 140
100 0 1 34 140
100 -250 1 35 140
50 0 4 36 140
50 0 4 37 140
50 0 4 38 140
50 0 4 39 140
50 0 4 40 140
100 0 1 41 140
50 0 3 42 140
50 0 4 43 140
100 0 2 44 140
100 0 1 45 140
100 0 1 46 140
100 -250 1 47 140
100 0 1 48 140
100 -250 1 49 140
100 -1250 2 50 140
50 -50 3 51 140
50 -250 4 52 140
100 -250 1 53 140
100 0 2 54 140
100 0 2 55 140
50 -50 3 56 140
50 0 4 57 140
100 -250 1 58 140
100 0 2 59 140
100 0 2 60 140
100 0 2 61 140
100 0 2 62 140
100 0 2 63 140
100 0 2 64 140
100 -1250 2 65 140
100 0 2 66 140
100 0 2 67 140
100 0 2 68 140
100 0 2 69 140
100 0 2 70 140
50 0 4 71 140
100 0 1 72 140
100 -250 1 73 140
100 0 1 74 140
100 -250 1 75 140
50 0 3 76 140
50 0 3 77 140
100 0 2 78 140
100 -250 1 79 140
100 0 2 80 140
100 0 2 81 140
100 0 2 82 140
100 0 1 83 140
100 0 1 84 140
100 0 1 85 140
100 -250 1 86 140
50 -50 3 87 140
50 0 3 88 140
50 -50 3 89 140
50 0 3 90 140
50 -50 3 91 140
50 0 3 92 140
50 -50 3 93 140
50 0 4 94 140
50 0 4 95 140
50 -50 3 96 140
50 -50 3 97 140
50 -50 3 98 140
50 0 3 99 140
50 0 3 100 140
100 -250 1 1 141
100 0 2 2 141
50 0 3 3 141
50 0 4 4 141
100 0 2 5 141
100 0 2 6 141
100 0 2 7 141
100 0 2 8 141
100 0 2 9 141
100 -1250 2 10 141
50 -50 3 11 141
50 0 4 12 141
50 -250 4 13 141
100 -250 1 14 141
50 0 3 15 141
50 -50 3 16 141
100 0 2 17 141
100 0 2 18 141
50 -50 3 19 141
50 0 3 20 141
100 0 2 21 141
100 0 2 22 141
100 0 2 23 141
50 0 4 24 141
100 0 2 25 141
50 0 4 26 141
50 0 4 27 141
100 0 2 28 141
50 0 4 29 141
50 0 4 30 141
100 -1250 2 31 141
50 0 4 32 141
50 0 4 33 141
50 -250 4 34 141
50 0 3 35 141
50 0 4 36 141
50 0 3 37 141
50 0 4 38 141
50 0 4 39 141
50 -50 3 40 141
100 0 1 41 141
100 0 2 42 141
50 0 3 43 141
50 0 4 44 141
50 -50 3 45 141
50 0 4 46 141
50 -50 3 47 141
50 0 4 48 141
50 0 3 49 141
50 0 4 50 141
50 0 3 51 141
50 0 4 52 141
50 -50 3 53 141
50 0 4 54 141
50 0 3 55 141
50 0 4 56 141
50 -50 3 57 141
50 0 4 58 141
50 0 3 59 141
50 -250 4 60 141
50 -50 3 61 141
50 0 4 62 141
50 0 3 63 141
50 0 4 64 141
50 -50 3 65 141
50 0 4 66 141
50 -50 3 67 141
50 0 4 68 141
50 -50 3 69 141
50 -50 3 70 141
50 0 3 71 141
50 0 3 72 141
50 0 3 73 141
50 -50 3 74 141
50 0 3 75 141
50 0 3 76 141
50 -50 3 77 141
50 0 3 78 141
50 0 3 79 141
50 -50 3 80 141
50 0 3 81 141
50 0 3 82 141
50 -50 3 83 141
50 -50 3 84 141
50 -50 3 85 141
50 0 3 86 141
50 0 3 87 141
50 -50 3 88 141
50 -50 3 89 141
50 0 3 90 141
50 0 3 91 141
50 -50 3 92 141
50 0 3 93 141
50 -50 3 94 141
50 -50 3 95 141
50 0 4 96 141
50 0 3 97 141
50 0 3 98 141
50 -50 3 99 141
50 0 3 100 141
100 -250 1 1 142
100 0 2 2 142
50 0 3 3 142
50 0 4 4 142
100 0 2 5 142
100 0 2 6 142
100 0 2 7 142
100 0 2 8 142
50 -50 3 9 142
100 0 2 10 142
50 0 4 11 142
100 -1250 2 12 142
50 0 3 13 142
50 -50 3 14 142
50 0 4 15 142
50 0 4 16 142
50 0 4 17 142
50 0 4 18 142
50 0 4 19 142
100 0 2 20 142
100 0 2 21 142
100 0 2 22 142
100 0 2 23 142
50 -250 4 24 142
100 0 2 25 142
100 0 2 26 142
100 0 2 27 142
100 -1250 2 28 142
50 0 4 29 142
50 0 4 30 142
50 0 4 31 142
50 0 4 32 142
50 0 4 33 142
100 0 2 34 142
100 0 2 35 142
100 0 2 36 142
100 0 2 37 142
100 0 2 38 142
100 -250 1 39 142
100 0 2 40 142
100 0 1 41 142
100 0 1 42 142
100 0 1 43 142
100 -250 1 44 142
50 -50 3 45 142
100 0 1 46 142
100 0 1 47 142
100 -250 1 48 142
100 0 2 49 142
100 0 2 50 142
100 0 2 51 142
100 0 1 52 142
100 -1250 2 53 142
100 0 1 54 142
100 0 1 55 142
50 0 4 56 142
100 -250 1 57 142
100 0 2 58 142
100 0 2 59 142
50 0 4 60 142
100 0 1 61 142
100 0 2 62 142
50 0 4 63 142
100 0 2 64 142
100 -250 1 65 142
100 0 2 66 142
50 0 4 67 142
100 0 2 68 142
100 -250 1 69 142
100 0 2 70 142
50 0 4 71 142
100 0 2 72 142
50 0 4 73 142
100 0 2 74 142
50 -250 4 75 142
100 0 2 76 142
50 0 4 77 142
50 0 3 78 142
50 0 4 79 142
100 -250 1 80 142
100 0 1 81 142
100 0 2 82 142
50 0 3 83 142
50 0 4 84 142
50 0 4 85 142
50 0 3 86 142
100 0 2 87 142
50 -50 3 88 142
100 -1250 2 89 142
100 -250 1 90 142
50 0 3 91 142
50 0 4 92 142
100 0 1 93 142
100 -250 1 94 142
100 0 2 95 142
50 -50 3 96 142
50 0 4 97 142
100 0 2 98 142
50 -50 3 99 142
100 0 2 100 142
50 0 3 1 144
50 0 4 2 144
100 0 2 3 144
50 -50 3 4 144
100 -250 1 5 144
50 0 3 6 144
50 0 4 7 144
100 0 2 8 144
50 -50 3 9 144
100 0 2 10 144
50 -250 4 11 144
100 -250 1 12 144
50 -50 3 13 144
100 0 2 14 144
100 0 2 15 144
100 0 2 16 144
100 -1250 2 17 144
50 0 4 18 144
50 0 3 19 144
50 0 4 20 144
100 0 2 21 144
100 0 2 22 144
100 0 2 23 144
50 0 3 24 144
50 0 4 25 144
100 0 2 26 144
100 0 2 27 144
100 0 2 28 144
50 0 3 29 144
50 0 4 30 144
100 0 2 31 144
100 -1250 2 32 144
50 -50 3 33 144
50 0 4 34 144
50 0 3 35 144
100 0 2 36 144
50 0 4 37 144
100 0 2 38 144
50 -50 3 39 144
100 0 1 40 144
100 0 1 41 144
100 0 2 42 144
100 0 1 43 144
100 0 2 44 144
50 -50 3 45 144
50 0 4 46 144
100 -250 1 47 144
100 0 2 48 144
50 -250 4 49 144
50 0 3 50 144
100 0 2 51 144
100 0 1 52 144
50 0 3 53 144
100 0 2 54 144
100 0 1 55 144
50 -50 3 56 144
100 0 2 57 144
100 -250 1 58 144
50 0 4 59 144
100 -1250 2 60 144
50 0 3 61 144
50 0 4 62 144
100 0 1 63 144
100 0 2 64 144
100 0 1 65 144
50 0 4 66 144
100 0 2 67 144
100 0 1 68 144
50 0 4 69 144
100 0 2 70 144
100 -250 1 71 144
50 0 4 72 144
100 0 2 73 144
50 0 4 74 144
100 0 2 75 144
50 0 4 76 144
100 0 2 77 144
50 0 4 78 144
100 0 2 79 144
50 0 4 80 144
100 0 2 81 144
100 0 1 82 144
50 0 4 83 144
100 0 2 84 144
50 0 4 85 144
100 0 2 86 144
50 -250 4 87 144
100 0 2 88 144
50 -50 3 89 144
100 0 2 90 144
50 0 4 91 144
100 -1250 2 92 144
100 -250 1 93 144
50 0 4 94 144
100 0 2 95 144
50 0 3 96 144
100 0 2 97 144
50 0 4 98 144
100 0 2 99 144
100 -250 1 100 144
100 0 2 1 145
100 -250 1 2 145
50 0 4 3 145
100 0 2 4 145
100 0 2 5 145
100 0 2 6 145
100 0 2 7 145
100 0 2 8 145
100 -1250 2 9 145
50 0 4 10 145
100 0 2 11 145
100 0 2 12 145
100 0 2 13 145
100 0 2 14 145
100 0 2 15 145
100 0 2 16 145
50 -250 4 17 145
100 0 2 18 145
100 -1250 2 19 145
50 0 4 20 145
50 0 3 21 145
100 -250 1 22 145
50 -50 3 23 145
100 0 2 24 145
100 0 2 25 145
100 0 2 26 145
100 0 2 27 145
100 0 2 28 145
100 0 2 29 145
100 0 2 30 145
100 0 2 31 145
100 -1250 2 32 145
100 0 2 33 145
100 0 2 34 145
100 0 2 35 145
100 0 2 36 145
100 0 2 37 145
100 0 2 38 145
100 0 2 39 145
100 0 2 40 145
100 0 2 41 145
100 0 2 42 145
100 0 2 43 145
100 0 2 44 145
100 -1250 2 45 145
100 0 2 46 145
100 0 2 47 145
100 0 2 48 145
100 0 2 49 145
100 0 2 50 145
100 -1250 2 51 145
100 0 2 52 145
100 0 2 53 145
100 0 2 54 145
100 0 2 55 145
50 0 4 56 145
100 0 2 57 145
50 0 3 58 145
100 0 1 59 145
100 0 1 60 145
100 0 1 61 145
100 -250 1 62 145
50 -50 3 63 145
50 0 4 64 145
50 0 4 65 145
100 0 2 66 145
100 0 1 67 145
100 0 1 68 145
50 -50 3 69 145
100 -250 1 70 145
100 0 1 71 145
100 0 1 72 145
100 0 1 73 145
100 -250 1 74 145
100 0 2 75 145
100 -1250 2 76 145
100 0 1 77 145
100 -250 1 78 145
100 0 2 79 145
100 0 2 80 145
100 -250 1 81 145
100 -250 1 82 145
50 0 3 83 145
100 0 1 84 145
100 -250 1 85 145
100 0 2 86 145
100 0 2 87 145
100 0 1 88 145
100 -250 1 89 145
50 0 3 90 145
50 0 4 91 145
100 -250 1 92 145
100 0 2 93 145
100 0 2 94 145
50 0 4 95 145
50 0 3 96 145
100 0 1 97 145
100 0 1 98 145
100 0 1 99 145
100 -250 1 100 145
100 -250 1 1 146
100 0 2 2 146
50 0 4 3 146
50 0 3 4 146
100 -250 1 5 146
50 -50 3 6 146
100 0 2 7 146
100 0 2 8 146
100 0 2 9 146
100 0 2 10 146
100 0 2 11 146
50 0 4 12 146
100 -1250 2 13 146
50 -250 4 14 146
100 0 1 15 146
50 0 4 16 146
100 0 1 17 146
50 0 3 18 146
100 0 1 19 146
50 0 4 20 146
100 -250 1 21 146
50 -50 3 22 146
50 0 4 23 146
50 0 4 24 146
100 -250 1 25 146
50 -50 3 26 146
50 0 4 27 146
50 0 4 28 146
50 0 4 29 146
100 0 2 30 146
100 0 2 31 146
100 0 2 32 146
100 0 2 33 146
100 0 2 34 146
50 -250 4 35 146
100 0 2 36 146
100 0 2 37 146
100 -1250 2 38 146
50 0 3 39 146
100 0 1 40 146
100 0 1 41 146
100 0 2 42 146
50 0 3 43 146
50 0 4 44 146
100 -250 1 45 146
100 0 2 46 146
100 0 1 47 146
100 0 1 48 146
100 0 1 49 146
100 -250 1 50 146
100 0 1 51 146
100 -250 1 52 146
100 -250 1 53 146
100 0 2 54 146
100 0 2 55 146
100 0 2 56 146
100 -250 1 57 146
100 0 2 58 146
100 0 2 59 146
100 0 2 60 146
100 -1250 2 61 146
100 0 1 62 146
100 -250 1 63 146
100 0 1 64 146
100 -250 1 65 146
100 -250 1 66 146
50 0 3 67 146
50 -50 3 68 146
50 0 4 69 146
50 0 4 70 146
50 0 4 71 146
50 0 4 72 146
50 0 3 73 146
50 0 4 74 146
50 -50 3 75 146
100 0 1 76 146
100 0 1 77 146
100 0 1 78 146
100 -250 1 79 146
50 -50 3 80 146
50 0 4 81 146
50 0 4 82 146
50 0 4 83 146
50 0 4 84 146
50 0 4 85 146
50 -250 4 86 146
50 0 3 87 146
50 0 3 88 146
100 -250 1 89 146
100 0 2 90 146
50 0 4 91 146
50 0 4 92 146
50 0 4 93 146
50 0 4 94 146
50 0 4 95 146
50 0 4 96 146
50 0 4 97 146
50 0 4 98 146
50 0 4 99 146
50 -250 4 100 146
100 -250 1 1 147
100 0 2 2 147
50 0 3 3 147
50 0 4 4 147
100 0 2 5 147
100 -250 1 6 147
50 -50 3 7 147
50 0 4 8 147
100 0 2 9 147
100 0 2 10 147
100 0 2 11 147
100 0 2 12 147
100 -1250 2 13 147
100 0 2 14 147
50 -250 4 15 147
100 0 1 16 147
100 0 1 17 147
100 0 1 18 147
100 -250 1 19 147
50 0 3 20 147
100 0 2 21 147
100 0 2 22 147
100 0 1 23 147
100 0 1 24 147
100 -250 1 25 147
100 0 1 26 147
100 0 1 27 147
100 0 1 28 147
100 -250 1 29 147
100 0 1 30 147
100 -250 1 31 147
100 -250 1 32 147
100 -250 1 33 147
100 0 2 34 147
100 0 2 35 147
100 0 2 36 147
100 0 2 37 147
100 -1250 2 38 147
100 0 1 39 147
100 -250 1 40 147
100 0 1 41 147
100 0 2 42 147
50 -50 3 43 147
50 0 4 44 147
50 -50 3 45 147
50 0 3 46 147
50 0 3 47 147
50 0 3 48 147
50 -50 3 49 147
50 0 3 50 147
50 -50 3 51 147
50 -50 3 52 147
50 0 3 53 147
50 0 3 54 147
50 -50 3 55 147
50 0 3 56 147
50 -50 3 57 147
50 0 3 58 147
50 -50 3 59 147
50 0 3 60 147
50 -50 3 61 147
50 -50 3 62 147
50 -50 3 63 147
50 -50 3 64 147
50 0 3 65 147
50 0 3 66 147
50 0 3 67 147
50 -50 3 68 147
50 0 3 69 147
50 0 3 70 147
50 -50 3 71 147
50 0 3 72 147
50 0 3 73 147
50 -50 3 74 147
50 0 3 75 147
50 0 3 76 147
50 -50 3 77 147
50 -50 3 78 147
50 -50 3 79 147
50 0 3 80 147
50 0 3 81 147
50 -50 3 82 147
50 -50 3 83 147
50 0 3 84 147
50 0 3 85 147
50 -50 3 86 147
50 0 3 87 147
50 -50 3 88 147
50 -50 3 89 147
50 0 3 90 147
50 0 3 91 147
50 -50 3 92 147
50 0 3 93 147
50 0 3 94 147
50 -50 3 95 147
50 -50 3 96 147
50 0 3 97 147
50 -50 3 98 147
50 -50 3 99 147
50 -50 3 100 147
50 0 4 1 148
100 -250 1 2 148
100 -250 1 3 148
100 0 2 4 148
50 0 3 5 148
50 0 4 6 148
100 0 2 7 148
100 0 2 8 148
100 0 2 9 148
100 0 2 10 148
100 0 2 11 148
100 -1250 2 12 148
100 0 2 13 148
100 0 2 14 148
100 0 2 15 148
100 0 2 16 148
100 0 2 17 148
50 -250 4 18 148
100 0 2 19 148
100 0 2 20 148
100 -1250 2 21 148
100 0 2 22 148
100 0 2 23 148
100 0 2 24 148
100 0 2 25 148
100 0 2 26 148
50 -50 3 27 148
100 0 2 28 148
100 0 2 29 148
100 0 2 30 148
100 -1250 2 31 148
100 0 2 32 148
100 0 2 33 148
100 0 2 34 148
100 0 2 35 148
100 0 2 36 148
100 0 1 37 148
100 0 2 38 148
100 0 2 39 148
100 0 1 40 148
100 0 2 41 148
100 0 2 42 148
100 0 2 43 148
100 0 2 44 148
100 0 2 45 148
100 0 1 46 148
100 -1250 2 47 148
100 0 2 48 148
100 0 2 49 148
100 0 2 50 148
100 0 2 51 148
100 0 2 52 148
100 -250 1 53 148
100 -1250 2 54 148
100 0 2 55 148
100 0 2 56 148
100 0 2 57 148
100 0 2 58 148
100 0 2 59 148
100 0 2 60 148
50 0 3 61 148
50 0 4 62 148
100 0 1 63 148
50 -50 3 64 148
100 0 2 65 148
100 -1250 2 66 148
100 0 2 67 148
100 0 2 68 148
100 0 2 69 148
100 0 2 70 148
100 0 2 71 148
50 0 4 72 148
50 -50 3 73 148
50 0 4 74 148
50 0 4 75 148
50 0 4 76 148
100 0 2 77 148
100 0 2 78 148
100 0 2 79 148
100 0 2 80 148
100 0 2 81 148
100 0 2 82 148
100 0 2 83 148
100 0 2 84 148
100 0 2 85 148
50 0 4 86 148
50 0 4 87 148
50 -250 4 88 148
50 0 4 89 148
50 0 4 90 148
100 0 2 91 148
100 0 2 92 148
100 0 2 93 148
100 -1250 2 94 148
50 0 4 95 148
50 0 4 96 148
50 0 4 97 148
50 0 4 98 148
50 0 4 99 148
50 0 4 100 148
